16 10000 2 0.3 0.2 1
16 10000 2 0.3 0.2 2
16 10000 2 0.3 0.2 3
16 10000 2 0.3 0.2 4
16 10000 2 0.3 0.2 5
16 10000 2 0.3 0.2 6
16 10000 2 0.3 0.2 7
16 10000 2 0.3 0.2 8
16 10000 2 0.3 0.2 9
16 10000 2 0.3 0.2 10
16 10000 2 0.3 0.2 11
16 10000 2 0.3 0.2 12
16 10000 2 0.3 0.2 13
16 10000 2 0.3 0.2 14
16 10000 2 0.3 0.2 15
16 10000 2 0.3 0.2 16
16 10000 2 0.3 0.2 17
16 10000 2 0.3 0.2 18
16 10000 2 0.3 0.2 19
16 10000 2 0.3 0.2 20
16 10000 2 0.3 0.2 21
16 10000 2 0.3 0.2 22
16 10000 2 0.3 0.2 23
16 10000 2 0.3 0.2 24
16 10000 2 0.3 0.2 25
16 10000 2 0.3 0.2 26
16 10000 2 0.3 0.2 27
16 10000 2 0.3 0.2 28
16 10000 2 0.3 0.2 29
16 10000 2 0.3 0.2 30
16 10000 2 0.3 0.2 31
16 10000 2 0.3 0.2 32
16 10000 2 0.3 0.2 33
16 10000 2 0.3 0.2 34
16 10000 2 0.3 0.2 35
16 10000 2 0.3 0.2 36
16 10000 2 0.3 0.2 37
16 10000 2 0.3 0.2 38
16 10000 2 0.3 0.2 39
16 10000 2 0.3 0.2 40
16 10000 2 0.3 0.2 41
16 10000 2 0.3 0.2 42
16 10000 2 0.3 0.2 43
16 10000 2 0.3 0.2 44
16 10000 2 0.3 0.2 45
16 10000 2 0.3 0.2 46
16 10000 2 0.3 0.2 47
16 10000 2 0.3 0.2 48
16 10000 2 0.3 0.2 49
16 10000 2 0.3 0.2 50
16 10000 2 0.3 0.2 51
16 10000 2 0.3 0.2 52
16 10000 2 0.3 0.2 53
16 10000 2 0.3 0.2 54
16 10000 2 0.3 0.2 55
16 10000 2 0.3 0.2 56
16 10000 2 0.3 0.2 57
16 10000 2 0.3 0.2 58
16 10000 2 0.3 0.2 59
16 10000 2 0.3 0.2 60
16 10000 2 0.3 0.2 61
16 10000 2 0.3 0.2 62
16 10000 2 0.3 0.2 63
16 10000 2 0.3 0.2 64
16 10000 2 0.3 0.2 65
16 10000 2 0.3 0.2 66
16 10000 2 0.3 0.2 67
16 10000 2 0.3 0.2 68
16 10000 2 0.3 0.2 69
16 10000 2 0.3 0.2 70
16 10000 2 0.3 0.2 71
16 10000 2 0.3 0.2 72
16 10000 2 0.3 0.2 73
16 10000 2 0.3 0.2 74
16 10000 2 0.3 0.2 75
16 10000 2 0.3 0.2 76
16 10000 2 0.3 0.2 77
16 10000 2 0.3 0.2 78
16 10000 2 0.3 0.2 79
16 10000 2 0.3 0.2 80
16 10000 2 0.3 0.2 81
16 10000 2 0.3 0.2 82
16 10000 2 0.3 0.2 83
16 10000 2 0.3 0.2 84
16 10000 2 0.3 0.2 85
16 10000 2 0.3 0.2 86
16 10000 2 0.3 0.2 87
16 10000 2 0.3 0.2 88
16 10000 2 0.3 0.2 89
16 10000 2 0.3 0.2 90
16 10000 2 0.3 0.2 91
16 10000 2 0.3 0.2 92
16 10000 2 0.3 0.2 93
16 10000 2 0.3 0.2 94
16 10000 2 0.3 0.2 95
16 10000 2 0.3 0.2 96
16 10000 2 0.3 0.2 97
16 10000 2 0.3 0.2 98
16 10000 2 0.3 0.2 99
16 10000 2 0.3 0.2 100
16 10000 2 0.3 0.2 101
16 10000 2 0.3 0.2 102
16 10000 2 0.3 0.2 103
16 10000 2 0.3 0.2 104
16 10000 2 0.3 0.2 105
16 10000 2 0.3 0.2 106
16 10000 2 0.3 0.2 107
16 10000 2 0.3 0.2 108
16 10000 2 0.3 0.2 109
16 10000 2 0.3 0.2 110
16 10000 2 0.3 0.2 111
16 10000 2 0.3 0.2 112
16 10000 2 0.3 0.2 113
16 10000 2 0.3 0.2 114
16 10000 2 0.3 0.2 115
16 10000 2 0.3 0.2 116
16 10000 2 0.3 0.2 117
16 10000 2 0.3 0.2 118
16 10000 2 0.3 0.2 119
16 10000 2 0.3 0.2 120
16 10000 2 0.3 0.2 121
16 10000 2 0.3 0.2 122
16 10000 2 0.3 0.2 123
16 10000 2 0.3 0.2 124
16 10000 2 0.3 0.2 125
16 10000 2 0.3 0.2 126
16 10000 2 0.3 0.2 127
16 10000 2 0.3 0.2 128
16 10000 2 0.3 0.2 129
16 10000 2 0.3 0.2 130
16 10000 2 0.3 0.2 131
16 10000 2 0.3 0.2 132
16 10000 2 0.3 0.2 133
16 10000 2 0.3 0.2 134
16 10000 2 0.3 0.2 135
16 10000 2 0.3 0.2 136
16 10000 2 0.3 0.2 137
16 10000 2 0.3 0.2 138
16 10000 2 0.3 0.2 139
16 10000 2 0.3 0.2 140
16 10000 2 0.3 0.2 141
16 10000 2 0.3 0.2 142
16 10000 2 0.3 0.2 143
16 10000 2 0.3 0.2 144
16 10000 2 0.3 0.2 145
16 10000 2 0.3 0.2 146
16 10000 2 0.3 0.2 147
16 10000 2 0.3 0.2 148
16 10000 2 0.3 0.2 149
16 10000 2 0.3 0.2 150
16 10000 2 0.3 0.2 151
16 10000 2 0.3 0.2 152
16 10000 2 0.3 0.2 153
16 10000 2 0.3 0.2 154
16 10000 2 0.3 0.2 155
16 10000 2 0.3 0.2 156
16 10000 2 0.3 0.2 157
16 10000 2 0.3 0.2 158
16 10000 2 0.3 0.2 159
16 10000 2 0.3 0.2 160
16 10000 2 0.3 0.2 161
16 10000 2 0.3 0.2 162
16 10000 2 0.3 0.2 163
16 10000 2 0.3 0.2 164
16 10000 2 0.3 0.2 165
16 10000 2 0.3 0.2 166
16 10000 2 0.3 0.2 167
16 10000 2 0.3 0.2 168
16 10000 2 0.3 0.2 169
16 10000 2 0.3 0.2 170
16 10000 2 0.3 0.2 171
16 10000 2 0.3 0.2 172
16 10000 2 0.3 0.2 173
16 10000 2 0.3 0.2 174
16 10000 2 0.3 0.2 175
16 10000 2 0.3 0.2 176
16 10000 2 0.3 0.2 177
16 10000 2 0.3 0.2 178
16 10000 2 0.3 0.2 179
16 10000 2 0.3 0.2 180
16 10000 2 0.3 0.2 181
16 10000 2 0.3 0.2 182
16 10000 2 0.3 0.2 183
16 10000 2 0.3 0.2 184
16 10000 2 0.3 0.2 185
16 10000 2 0.3 0.2 186
16 10000 2 0.3 0.2 187
16 10000 2 0.3 0.2 188
16 10000 2 0.3 0.2 189
16 10000 2 0.3 0.2 190
16 10000 2 0.3 0.2 191
16 10000 2 0.3 0.2 192
16 10000 2 0.3 0.2 193
16 10000 2 0.3 0.2 194
16 10000 2 0.3 0.2 195
16 10000 2 0.3 0.2 196
16 10000 2 0.3 0.2 197
16 10000 2 0.3 0.2 198
16 10000 2 0.3 0.2 199
16 10000 2 0.3 0.2 200
16 10000 2 0.3 0.2 201
16 10000 2 0.3 0.2 202
16 10000 2 0.3 0.2 203
16 10000 2 0.3 0.2 204
16 10000 2 0.3 0.2 205
16 10000 2 0.3 0.2 206
16 10000 2 0.3 0.2 207
16 10000 2 0.3 0.2 208
16 10000 2 0.3 0.2 209
16 10000 2 0.3 0.2 210
16 10000 2 0.3 0.2 211
16 10000 2 0.3 0.2 212
16 10000 2 0.3 0.2 213
16 10000 2 0.3 0.2 214
16 10000 2 0.3 0.2 215
16 10000 2 0.3 0.2 216
16 10000 2 0.3 0.2 217
16 10000 2 0.3 0.2 218
16 10000 2 0.3 0.2 219
16 10000 2 0.3 0.2 220
16 10000 2 0.3 0.2 221
16 10000 2 0.3 0.2 222
16 10000 2 0.3 0.2 223
16 10000 2 0.3 0.2 224
16 10000 2 0.3 0.2 225
16 10000 2 0.3 0.2 226
16 10000 2 0.3 0.2 227
16 10000 2 0.3 0.2 228
16 10000 2 0.3 0.2 229
16 10000 2 0.3 0.2 230
16 10000 2 0.3 0.2 231
16 10000 2 0.3 0.2 232
16 10000 2 0.3 0.2 233
16 10000 2 0.3 0.2 234
16 10000 2 0.3 0.2 235
16 10000 2 0.3 0.2 236
16 10000 2 0.3 0.2 237
16 10000 2 0.3 0.2 238
16 10000 2 0.3 0.2 239
16 10000 2 0.3 0.2 240
16 10000 2 0.3 0.2 241
16 10000 2 0.3 0.2 242
16 10000 2 0.3 0.2 243
16 10000 2 0.3 0.2 244
16 10000 2 0.3 0.2 245
16 10000 2 0.3 0.2 246
16 10000 2 0.3 0.2 247
16 10000 2 0.3 0.2 248
16 10000 2 0.3 0.2 249
16 10000 2 0.3 0.2 250
16 10000 2 0.3 0.2 251
16 10000 2 0.3 0.2 252
16 10000 2 0.3 0.2 253
16 10000 2 0.3 0.2 254
16 10000 2 0.3 0.2 255
16 10000 2 0.3 0.2 256
16 10000 2 0.3 0.2 257
16 10000 2 0.3 0.2 258
16 10000 2 0.3 0.2 259
16 10000 2 0.3 0.2 260
16 10000 2 0.3 0.2 261
16 10000 2 0.3 0.2 262
16 10000 2 0.3 0.2 263
16 10000 2 0.3 0.2 264
16 10000 2 0.3 0.2 265
16 10000 2 0.3 0.2 266
16 10000 2 0.3 0.2 267
16 10000 2 0.3 0.2 268
16 10000 2 0.3 0.2 269
16 10000 2 0.3 0.2 270
16 10000 2 0.3 0.2 271
16 10000 2 0.3 0.2 272
16 10000 2 0.3 0.2 273
16 10000 2 0.3 0.2 274
16 10000 2 0.3 0.2 275
16 10000 2 0.3 0.2 276
16 10000 2 0.3 0.2 277
16 10000 2 0.3 0.2 278
16 10000 2 0.3 0.2 279
16 10000 2 0.3 0.2 280
16 10000 2 0.3 0.2 281
16 10000 2 0.3 0.2 282
16 10000 2 0.3 0.2 283
16 10000 2 0.3 0.2 284
16 10000 2 0.3 0.2 285
16 10000 2 0.3 0.2 286
16 10000 2 0.3 0.2 287
16 10000 2 0.3 0.2 288
16 10000 2 0.3 0.2 289
16 10000 2 0.3 0.2 290
16 10000 2 0.3 0.2 291
16 10000 2 0.3 0.2 292
16 10000 2 0.3 0.2 293
16 10000 2 0.3 0.2 294
16 10000 2 0.3 0.2 295
16 10000 2 0.3 0.2 296
16 10000 2 0.3 0.2 297
16 10000 2 0.3 0.2 298
16 10000 2 0.3 0.2 299
16 10000 2 0.3 0.2 300
16 10000 2 0.3 0.2 301
16 10000 2 0.3 0.2 302
16 10000 2 0.3 0.2 303
16 10000 2 0.3 0.2 304
16 10000 2 0.3 0.2 305
16 10000 2 0.3 0.2 306
16 10000 2 0.3 0.2 307
16 10000 2 0.3 0.2 308
16 10000 2 0.3 0.2 309
16 10000 2 0.3 0.2 310
16 10000 2 0.3 0.2 311
16 10000 2 0.3 0.2 312
16 10000 2 0.3 0.2 313
16 10000 2 0.3 0.2 314
16 10000 2 0.3 0.2 315
16 10000 2 0.3 0.2 316
16 10000 2 0.3 0.2 317
16 10000 2 0.3 0.2 318
16 10000 2 0.3 0.2 319
16 10000 2 0.3 0.2 320
16 10000 2 0.3 0.2 321
16 10000 2 0.3 0.2 322
16 10000 2 0.3 0.2 323
16 10000 2 0.3 0.2 324
16 10000 2 0.3 0.2 325
16 10000 2 0.3 0.2 326
16 10000 2 0.3 0.2 327
16 10000 2 0.3 0.2 328
16 10000 2 0.3 0.2 329
16 10000 2 0.3 0.2 330
16 10000 2 0.3 0.2 331
16 10000 2 0.3 0.2 332
16 10000 2 0.3 0.2 333
16 10000 2 0.3 0.2 334
16 10000 2 0.3 0.2 335
16 10000 2 0.3 0.2 336
16 10000 2 0.3 0.2 337
16 10000 2 0.3 0.2 338
16 10000 2 0.3 0.2 339
16 10000 2 0.3 0.2 340
16 10000 2 0.3 0.2 341
16 10000 2 0.3 0.2 342
16 10000 2 0.3 0.2 343
16 10000 2 0.3 0.2 344
16 10000 2 0.3 0.2 345
16 10000 2 0.3 0.2 346
16 10000 2 0.3 0.2 347
16 10000 2 0.3 0.2 348
16 10000 2 0.3 0.2 349
16 10000 2 0.3 0.2 350
16 10000 2 0.3 0.2 351
16 10000 2 0.3 0.2 352
16 10000 2 0.3 0.2 353
16 10000 2 0.3 0.2 354
16 10000 2 0.3 0.2 355
16 10000 2 0.3 0.2 356
16 10000 2 0.3 0.2 357
16 10000 2 0.3 0.2 358
16 10000 2 0.3 0.2 359
16 10000 2 0.3 0.2 360
16 10000 2 0.3 0.2 361
16 10000 2 0.3 0.2 362
16 10000 2 0.3 0.2 363
16 10000 2 0.3 0.2 364
16 10000 2 0.3 0.2 365
16 10000 2 0.3 0.2 366
16 10000 2 0.3 0.2 367
16 10000 2 0.3 0.2 368
16 10000 2 0.3 0.2 369
16 10000 2 0.3 0.2 370
16 10000 2 0.3 0.2 371
16 10000 2 0.3 0.2 372
16 10000 2 0.3 0.2 373
16 10000 2 0.3 0.2 374
16 10000 2 0.3 0.2 375
16 10000 2 0.3 0.2 376
16 10000 2 0.3 0.2 377
16 10000 2 0.3 0.2 378
16 10000 2 0.3 0.2 379
16 10000 2 0.3 0.2 380
16 10000 2 0.3 0.2 381
16 10000 2 0.3 0.2 382
16 10000 2 0.3 0.2 383
16 10000 2 0.3 0.2 384
16 10000 2 0.3 0.2 385
16 10000 2 0.3 0.2 386
16 10000 2 0.3 0.2 387
16 10000 2 0.3 0.2 388
16 10000 2 0.3 0.2 389
16 10000 2 0.3 0.2 390
16 10000 2 0.3 0.2 391
16 10000 2 0.3 0.2 392
16 10000 2 0.3 0.2 393
16 10000 2 0.3 0.2 394
16 10000 2 0.3 0.2 395
16 10000 2 0.3 0.2 396
16 10000 2 0.3 0.2 397
16 10000 2 0.3 0.2 398
16 10000 2 0.3 0.2 399
16 10000 2 0.3 0.2 400
16 10000 2 0.3 0.2 401
16 10000 2 0.3 0.2 402
16 10000 2 0.3 0.2 403
16 10000 2 0.3 0.2 404
16 10000 2 0.3 0.2 405
16 10000 2 0.3 0.2 406
16 10000 2 0.3 0.2 407
16 10000 2 0.3 0.2 408
16 10000 2 0.3 0.2 409
16 10000 2 0.3 0.2 410
16 10000 2 0.3 0.2 411
16 10000 2 0.3 0.2 412
16 10000 2 0.3 0.2 413
16 10000 2 0.3 0.2 414
16 10000 2 0.3 0.2 415
16 10000 2 0.3 0.2 416
16 10000 2 0.3 0.2 417
16 10000 2 0.3 0.2 418
16 10000 2 0.3 0.2 419
16 10000 2 0.3 0.2 420
16 10000 2 0.3 0.2 421
16 10000 2 0.3 0.2 422
16 10000 2 0.3 0.2 423
16 10000 2 0.3 0.2 424
16 10000 2 0.3 0.2 425
16 10000 2 0.3 0.2 426
16 10000 2 0.3 0.2 427
16 10000 2 0.3 0.2 428
16 10000 2 0.3 0.2 429
16 10000 2 0.3 0.2 430
16 10000 2 0.3 0.2 431
16 10000 2 0.3 0.2 432
16 10000 2 0.3 0.2 433
16 10000 2 0.3 0.2 434
16 10000 2 0.3 0.2 435
16 10000 2 0.3 0.2 436
16 10000 2 0.3 0.2 437
16 10000 2 0.3 0.2 438
16 10000 2 0.3 0.2 439
16 10000 2 0.3 0.2 440
16 10000 2 0.3 0.2 441
16 10000 2 0.3 0.2 442
16 10000 2 0.3 0.2 443
16 10000 2 0.3 0.2 444
16 10000 2 0.3 0.2 445
16 10000 2 0.3 0.2 446
16 10000 2 0.3 0.2 447
16 10000 2 0.3 0.2 448
16 10000 2 0.3 0.2 449
16 10000 2 0.3 0.2 450
16 10000 2 0.3 0.2 451
16 10000 2 0.3 0.2 452
16 10000 2 0.3 0.2 453
16 10000 2 0.3 0.2 454
16 10000 2 0.3 0.2 455
16 10000 2 0.3 0.2 456
16 10000 2 0.3 0.2 457
16 10000 2 0.3 0.2 458
16 10000 2 0.3 0.2 459
16 10000 2 0.3 0.2 460
16 10000 2 0.3 0.2 461
16 10000 2 0.3 0.2 462
16 10000 2 0.3 0.2 463
16 10000 2 0.3 0.2 464
16 10000 2 0.3 0.2 465
16 10000 2 0.3 0.2 466
16 10000 2 0.3 0.2 467
16 10000 2 0.3 0.2 468
16 10000 2 0.3 0.2 469
16 10000 2 0.3 0.2 470
16 10000 2 0.3 0.2 471
16 10000 2 0.3 0.2 472
16 10000 2 0.3 0.2 473
16 10000 2 0.3 0.2 474
16 10000 2 0.3 0.2 475
16 10000 2 0.3 0.2 476
16 10000 2 0.3 0.2 477
16 10000 2 0.3 0.2 478
16 10000 2 0.3 0.2 479
16 10000 2 0.3 0.2 480
16 10000 2 0.3 0.2 481
16 10000 2 0.3 0.2 482
16 10000 2 0.3 0.2 483
16 10000 2 0.3 0.2 484
16 10000 2 0.3 0.2 485
16 10000 2 0.3 0.2 486
16 10000 2 0.3 0.2 487
16 10000 2 0.3 0.2 488
16 10000 2 0.3 0.2 489
16 10000 2 0.3 0.2 490
16 10000 2 0.3 0.2 491
16 10000 2 0.3 0.2 492
16 10000 2 0.3 0.2 493
16 10000 2 0.3 0.2 494
16 10000 2 0.3 0.2 495
16 10000 2 0.3 0.2 496
16 10000 2 0.3 0.2 497
16 10000 2 0.3 0.2 498
16 10000 2 0.3 0.2 499
16 10000 2 0.3 0.2 500
16 10000 2 0.3 0.4 1
16 10000 2 0.3 0.4 2
16 10000 2 0.3 0.4 3
16 10000 2 0.3 0.4 4
16 10000 2 0.3 0.4 5
16 10000 2 0.3 0.4 6
16 10000 2 0.3 0.4 7
16 10000 2 0.3 0.4 8
16 10000 2 0.3 0.4 9
16 10000 2 0.3 0.4 10
16 10000 2 0.3 0.4 11
16 10000 2 0.3 0.4 12
16 10000 2 0.3 0.4 13
16 10000 2 0.3 0.4 14
16 10000 2 0.3 0.4 15
16 10000 2 0.3 0.4 16
16 10000 2 0.3 0.4 17
16 10000 2 0.3 0.4 18
16 10000 2 0.3 0.4 19
16 10000 2 0.3 0.4 20
16 10000 2 0.3 0.4 21
16 10000 2 0.3 0.4 22
16 10000 2 0.3 0.4 23
16 10000 2 0.3 0.4 24
16 10000 2 0.3 0.4 25
16 10000 2 0.3 0.4 26
16 10000 2 0.3 0.4 27
16 10000 2 0.3 0.4 28
16 10000 2 0.3 0.4 29
16 10000 2 0.3 0.4 30
16 10000 2 0.3 0.4 31
16 10000 2 0.3 0.4 32
16 10000 2 0.3 0.4 33
16 10000 2 0.3 0.4 34
16 10000 2 0.3 0.4 35
16 10000 2 0.3 0.4 36
16 10000 2 0.3 0.4 37
16 10000 2 0.3 0.4 38
16 10000 2 0.3 0.4 39
16 10000 2 0.3 0.4 40
16 10000 2 0.3 0.4 41
16 10000 2 0.3 0.4 42
16 10000 2 0.3 0.4 43
16 10000 2 0.3 0.4 44
16 10000 2 0.3 0.4 45
16 10000 2 0.3 0.4 46
16 10000 2 0.3 0.4 47
16 10000 2 0.3 0.4 48
16 10000 2 0.3 0.4 49
16 10000 2 0.3 0.4 50
16 10000 2 0.3 0.4 51
16 10000 2 0.3 0.4 52
16 10000 2 0.3 0.4 53
16 10000 2 0.3 0.4 54
16 10000 2 0.3 0.4 55
16 10000 2 0.3 0.4 56
16 10000 2 0.3 0.4 57
16 10000 2 0.3 0.4 58
16 10000 2 0.3 0.4 59
16 10000 2 0.3 0.4 60
16 10000 2 0.3 0.4 61
16 10000 2 0.3 0.4 62
16 10000 2 0.3 0.4 63
16 10000 2 0.3 0.4 64
16 10000 2 0.3 0.4 65
16 10000 2 0.3 0.4 66
16 10000 2 0.3 0.4 67
16 10000 2 0.3 0.4 68
16 10000 2 0.3 0.4 69
16 10000 2 0.3 0.4 70
16 10000 2 0.3 0.4 71
16 10000 2 0.3 0.4 72
16 10000 2 0.3 0.4 73
16 10000 2 0.3 0.4 74
16 10000 2 0.3 0.4 75
16 10000 2 0.3 0.4 76
16 10000 2 0.3 0.4 77
16 10000 2 0.3 0.4 78
16 10000 2 0.3 0.4 79
16 10000 2 0.3 0.4 80
16 10000 2 0.3 0.4 81
16 10000 2 0.3 0.4 82
16 10000 2 0.3 0.4 83
16 10000 2 0.3 0.4 84
16 10000 2 0.3 0.4 85
16 10000 2 0.3 0.4 86
16 10000 2 0.3 0.4 87
16 10000 2 0.3 0.4 88
16 10000 2 0.3 0.4 89
16 10000 2 0.3 0.4 90
16 10000 2 0.3 0.4 91
16 10000 2 0.3 0.4 92
16 10000 2 0.3 0.4 93
16 10000 2 0.3 0.4 94
16 10000 2 0.3 0.4 95
16 10000 2 0.3 0.4 96
16 10000 2 0.3 0.4 97
16 10000 2 0.3 0.4 98
16 10000 2 0.3 0.4 99
16 10000 2 0.3 0.4 100
16 10000 2 0.3 0.4 101
16 10000 2 0.3 0.4 102
16 10000 2 0.3 0.4 103
16 10000 2 0.3 0.4 104
16 10000 2 0.3 0.4 105
16 10000 2 0.3 0.4 106
16 10000 2 0.3 0.4 107
16 10000 2 0.3 0.4 108
16 10000 2 0.3 0.4 109
16 10000 2 0.3 0.4 110
16 10000 2 0.3 0.4 111
16 10000 2 0.3 0.4 112
16 10000 2 0.3 0.4 113
16 10000 2 0.3 0.4 114
16 10000 2 0.3 0.4 115
16 10000 2 0.3 0.4 116
16 10000 2 0.3 0.4 117
16 10000 2 0.3 0.4 118
16 10000 2 0.3 0.4 119
16 10000 2 0.3 0.4 120
16 10000 2 0.3 0.4 121
16 10000 2 0.3 0.4 122
16 10000 2 0.3 0.4 123
16 10000 2 0.3 0.4 124
16 10000 2 0.3 0.4 125
16 10000 2 0.3 0.4 126
16 10000 2 0.3 0.4 127
16 10000 2 0.3 0.4 128
16 10000 2 0.3 0.4 129
16 10000 2 0.3 0.4 130
16 10000 2 0.3 0.4 131
16 10000 2 0.3 0.4 132
16 10000 2 0.3 0.4 133
16 10000 2 0.3 0.4 134
16 10000 2 0.3 0.4 135
16 10000 2 0.3 0.4 136
16 10000 2 0.3 0.4 137
16 10000 2 0.3 0.4 138
16 10000 2 0.3 0.4 139
16 10000 2 0.3 0.4 140
16 10000 2 0.3 0.4 141
16 10000 2 0.3 0.4 142
16 10000 2 0.3 0.4 143
16 10000 2 0.3 0.4 144
16 10000 2 0.3 0.4 145
16 10000 2 0.3 0.4 146
16 10000 2 0.3 0.4 147
16 10000 2 0.3 0.4 148
16 10000 2 0.3 0.4 149
16 10000 2 0.3 0.4 150
16 10000 2 0.3 0.4 151
16 10000 2 0.3 0.4 152
16 10000 2 0.3 0.4 153
16 10000 2 0.3 0.4 154
16 10000 2 0.3 0.4 155
16 10000 2 0.3 0.4 156
16 10000 2 0.3 0.4 157
16 10000 2 0.3 0.4 158
16 10000 2 0.3 0.4 159
16 10000 2 0.3 0.4 160
16 10000 2 0.3 0.4 161
16 10000 2 0.3 0.4 162
16 10000 2 0.3 0.4 163
16 10000 2 0.3 0.4 164
16 10000 2 0.3 0.4 165
16 10000 2 0.3 0.4 166
16 10000 2 0.3 0.4 167
16 10000 2 0.3 0.4 168
16 10000 2 0.3 0.4 169
16 10000 2 0.3 0.4 170
16 10000 2 0.3 0.4 171
16 10000 2 0.3 0.4 172
16 10000 2 0.3 0.4 173
16 10000 2 0.3 0.4 174
16 10000 2 0.3 0.4 175
16 10000 2 0.3 0.4 176
16 10000 2 0.3 0.4 177
16 10000 2 0.3 0.4 178
16 10000 2 0.3 0.4 179
16 10000 2 0.3 0.4 180
16 10000 2 0.3 0.4 181
16 10000 2 0.3 0.4 182
16 10000 2 0.3 0.4 183
16 10000 2 0.3 0.4 184
16 10000 2 0.3 0.4 185
16 10000 2 0.3 0.4 186
16 10000 2 0.3 0.4 187
16 10000 2 0.3 0.4 188
16 10000 2 0.3 0.4 189
16 10000 2 0.3 0.4 190
16 10000 2 0.3 0.4 191
16 10000 2 0.3 0.4 192
16 10000 2 0.3 0.4 193
16 10000 2 0.3 0.4 194
16 10000 2 0.3 0.4 195
16 10000 2 0.3 0.4 196
16 10000 2 0.3 0.4 197
16 10000 2 0.3 0.4 198
16 10000 2 0.3 0.4 199
16 10000 2 0.3 0.4 200
16 10000 2 0.3 0.4 201
16 10000 2 0.3 0.4 202
16 10000 2 0.3 0.4 203
16 10000 2 0.3 0.4 204
16 10000 2 0.3 0.4 205
16 10000 2 0.3 0.4 206
16 10000 2 0.3 0.4 207
16 10000 2 0.3 0.4 208
16 10000 2 0.3 0.4 209
16 10000 2 0.3 0.4 210
16 10000 2 0.3 0.4 211
16 10000 2 0.3 0.4 212
16 10000 2 0.3 0.4 213
16 10000 2 0.3 0.4 214
16 10000 2 0.3 0.4 215
16 10000 2 0.3 0.4 216
16 10000 2 0.3 0.4 217
16 10000 2 0.3 0.4 218
16 10000 2 0.3 0.4 219
16 10000 2 0.3 0.4 220
16 10000 2 0.3 0.4 221
16 10000 2 0.3 0.4 222
16 10000 2 0.3 0.4 223
16 10000 2 0.3 0.4 224
16 10000 2 0.3 0.4 225
16 10000 2 0.3 0.4 226
16 10000 2 0.3 0.4 227
16 10000 2 0.3 0.4 228
16 10000 2 0.3 0.4 229
16 10000 2 0.3 0.4 230
16 10000 2 0.3 0.4 231
16 10000 2 0.3 0.4 232
16 10000 2 0.3 0.4 233
16 10000 2 0.3 0.4 234
16 10000 2 0.3 0.4 235
16 10000 2 0.3 0.4 236
16 10000 2 0.3 0.4 237
16 10000 2 0.3 0.4 238
16 10000 2 0.3 0.4 239
16 10000 2 0.3 0.4 240
16 10000 2 0.3 0.4 241
16 10000 2 0.3 0.4 242
16 10000 2 0.3 0.4 243
16 10000 2 0.3 0.4 244
16 10000 2 0.3 0.4 245
16 10000 2 0.3 0.4 246
16 10000 2 0.3 0.4 247
16 10000 2 0.3 0.4 248
16 10000 2 0.3 0.4 249
16 10000 2 0.3 0.4 250
16 10000 2 0.3 0.4 251
16 10000 2 0.3 0.4 252
16 10000 2 0.3 0.4 253
16 10000 2 0.3 0.4 254
16 10000 2 0.3 0.4 255
16 10000 2 0.3 0.4 256
16 10000 2 0.3 0.4 257
16 10000 2 0.3 0.4 258
16 10000 2 0.3 0.4 259
16 10000 2 0.3 0.4 260
16 10000 2 0.3 0.4 261
16 10000 2 0.3 0.4 262
16 10000 2 0.3 0.4 263
16 10000 2 0.3 0.4 264
16 10000 2 0.3 0.4 265
16 10000 2 0.3 0.4 266
16 10000 2 0.3 0.4 267
16 10000 2 0.3 0.4 268
16 10000 2 0.3 0.4 269
16 10000 2 0.3 0.4 270
16 10000 2 0.3 0.4 271
16 10000 2 0.3 0.4 272
16 10000 2 0.3 0.4 273
16 10000 2 0.3 0.4 274
16 10000 2 0.3 0.4 275
16 10000 2 0.3 0.4 276
16 10000 2 0.3 0.4 277
16 10000 2 0.3 0.4 278
16 10000 2 0.3 0.4 279
16 10000 2 0.3 0.4 280
16 10000 2 0.3 0.4 281
16 10000 2 0.3 0.4 282
16 10000 2 0.3 0.4 283
16 10000 2 0.3 0.4 284
16 10000 2 0.3 0.4 285
16 10000 2 0.3 0.4 286
16 10000 2 0.3 0.4 287
16 10000 2 0.3 0.4 288
16 10000 2 0.3 0.4 289
16 10000 2 0.3 0.4 290
16 10000 2 0.3 0.4 291
16 10000 2 0.3 0.4 292
16 10000 2 0.3 0.4 293
16 10000 2 0.3 0.4 294
16 10000 2 0.3 0.4 295
16 10000 2 0.3 0.4 296
16 10000 2 0.3 0.4 297
16 10000 2 0.3 0.4 298
16 10000 2 0.3 0.4 299
16 10000 2 0.3 0.4 300
16 10000 2 0.3 0.4 301
16 10000 2 0.3 0.4 302
16 10000 2 0.3 0.4 303
16 10000 2 0.3 0.4 304
16 10000 2 0.3 0.4 305
16 10000 2 0.3 0.4 306
16 10000 2 0.3 0.4 307
16 10000 2 0.3 0.4 308
16 10000 2 0.3 0.4 309
16 10000 2 0.3 0.4 310
16 10000 2 0.3 0.4 311
16 10000 2 0.3 0.4 312
16 10000 2 0.3 0.4 313
16 10000 2 0.3 0.4 314
16 10000 2 0.3 0.4 315
16 10000 2 0.3 0.4 316
16 10000 2 0.3 0.4 317
16 10000 2 0.3 0.4 318
16 10000 2 0.3 0.4 319
16 10000 2 0.3 0.4 320
16 10000 2 0.3 0.4 321
16 10000 2 0.3 0.4 322
16 10000 2 0.3 0.4 323
16 10000 2 0.3 0.4 324
16 10000 2 0.3 0.4 325
16 10000 2 0.3 0.4 326
16 10000 2 0.3 0.4 327
16 10000 2 0.3 0.4 328
16 10000 2 0.3 0.4 329
16 10000 2 0.3 0.4 330
16 10000 2 0.3 0.4 331
16 10000 2 0.3 0.4 332
16 10000 2 0.3 0.4 333
16 10000 2 0.3 0.4 334
16 10000 2 0.3 0.4 335
16 10000 2 0.3 0.4 336
16 10000 2 0.3 0.4 337
16 10000 2 0.3 0.4 338
16 10000 2 0.3 0.4 339
16 10000 2 0.3 0.4 340
16 10000 2 0.3 0.4 341
16 10000 2 0.3 0.4 342
16 10000 2 0.3 0.4 343
16 10000 2 0.3 0.4 344
16 10000 2 0.3 0.4 345
16 10000 2 0.3 0.4 346
16 10000 2 0.3 0.4 347
16 10000 2 0.3 0.4 348
16 10000 2 0.3 0.4 349
16 10000 2 0.3 0.4 350
16 10000 2 0.3 0.4 351
16 10000 2 0.3 0.4 352
16 10000 2 0.3 0.4 353
16 10000 2 0.3 0.4 354
16 10000 2 0.3 0.4 355
16 10000 2 0.3 0.4 356
16 10000 2 0.3 0.4 357
16 10000 2 0.3 0.4 358
16 10000 2 0.3 0.4 359
16 10000 2 0.3 0.4 360
16 10000 2 0.3 0.4 361
16 10000 2 0.3 0.4 362
16 10000 2 0.3 0.4 363
16 10000 2 0.3 0.4 364
16 10000 2 0.3 0.4 365
16 10000 2 0.3 0.4 366
16 10000 2 0.3 0.4 367
16 10000 2 0.3 0.4 368
16 10000 2 0.3 0.4 369
16 10000 2 0.3 0.4 370
16 10000 2 0.3 0.4 371
16 10000 2 0.3 0.4 372
16 10000 2 0.3 0.4 373
16 10000 2 0.3 0.4 374
16 10000 2 0.3 0.4 375
16 10000 2 0.3 0.4 376
16 10000 2 0.3 0.4 377
16 10000 2 0.3 0.4 378
16 10000 2 0.3 0.4 379
16 10000 2 0.3 0.4 380
16 10000 2 0.3 0.4 381
16 10000 2 0.3 0.4 382
16 10000 2 0.3 0.4 383
16 10000 2 0.3 0.4 384
16 10000 2 0.3 0.4 385
16 10000 2 0.3 0.4 386
16 10000 2 0.3 0.4 387
16 10000 2 0.3 0.4 388
16 10000 2 0.3 0.4 389
16 10000 2 0.3 0.4 390
16 10000 2 0.3 0.4 391
16 10000 2 0.3 0.4 392
16 10000 2 0.3 0.4 393
16 10000 2 0.3 0.4 394
16 10000 2 0.3 0.4 395
16 10000 2 0.3 0.4 396
16 10000 2 0.3 0.4 397
16 10000 2 0.3 0.4 398
16 10000 2 0.3 0.4 399
16 10000 2 0.3 0.4 400
16 10000 2 0.3 0.4 401
16 10000 2 0.3 0.4 402
16 10000 2 0.3 0.4 403
16 10000 2 0.3 0.4 404
16 10000 2 0.3 0.4 405
16 10000 2 0.3 0.4 406
16 10000 2 0.3 0.4 407
16 10000 2 0.3 0.4 408
16 10000 2 0.3 0.4 409
16 10000 2 0.3 0.4 410
16 10000 2 0.3 0.4 411
16 10000 2 0.3 0.4 412
16 10000 2 0.3 0.4 413
16 10000 2 0.3 0.4 414
16 10000 2 0.3 0.4 415
16 10000 2 0.3 0.4 416
16 10000 2 0.3 0.4 417
16 10000 2 0.3 0.4 418
16 10000 2 0.3 0.4 419
16 10000 2 0.3 0.4 420
16 10000 2 0.3 0.4 421
16 10000 2 0.3 0.4 422
16 10000 2 0.3 0.4 423
16 10000 2 0.3 0.4 424
16 10000 2 0.3 0.4 425
16 10000 2 0.3 0.4 426
16 10000 2 0.3 0.4 427
16 10000 2 0.3 0.4 428
16 10000 2 0.3 0.4 429
16 10000 2 0.3 0.4 430
16 10000 2 0.3 0.4 431
16 10000 2 0.3 0.4 432
16 10000 2 0.3 0.4 433
16 10000 2 0.3 0.4 434
16 10000 2 0.3 0.4 435
16 10000 2 0.3 0.4 436
16 10000 2 0.3 0.4 437
16 10000 2 0.3 0.4 438
16 10000 2 0.3 0.4 439
16 10000 2 0.3 0.4 440
16 10000 2 0.3 0.4 441
16 10000 2 0.3 0.4 442
16 10000 2 0.3 0.4 443
16 10000 2 0.3 0.4 444
16 10000 2 0.3 0.4 445
16 10000 2 0.3 0.4 446
16 10000 2 0.3 0.4 447
16 10000 2 0.3 0.4 448
16 10000 2 0.3 0.4 449
16 10000 2 0.3 0.4 450
16 10000 2 0.3 0.4 451
16 10000 2 0.3 0.4 452
16 10000 2 0.3 0.4 453
16 10000 2 0.3 0.4 454
16 10000 2 0.3 0.4 455
16 10000 2 0.3 0.4 456
16 10000 2 0.3 0.4 457
16 10000 2 0.3 0.4 458
16 10000 2 0.3 0.4 459
16 10000 2 0.3 0.4 460
16 10000 2 0.3 0.4 461
16 10000 2 0.3 0.4 462
16 10000 2 0.3 0.4 463
16 10000 2 0.3 0.4 464
16 10000 2 0.3 0.4 465
16 10000 2 0.3 0.4 466
16 10000 2 0.3 0.4 467
16 10000 2 0.3 0.4 468
16 10000 2 0.3 0.4 469
16 10000 2 0.3 0.4 470
16 10000 2 0.3 0.4 471
16 10000 2 0.3 0.4 472
16 10000 2 0.3 0.4 473
16 10000 2 0.3 0.4 474
16 10000 2 0.3 0.4 475
16 10000 2 0.3 0.4 476
16 10000 2 0.3 0.4 477
16 10000 2 0.3 0.4 478
16 10000 2 0.3 0.4 479
16 10000 2 0.3 0.4 480
16 10000 2 0.3 0.4 481
16 10000 2 0.3 0.4 482
16 10000 2 0.3 0.4 483
16 10000 2 0.3 0.4 484
16 10000 2 0.3 0.4 485
16 10000 2 0.3 0.4 486
16 10000 2 0.3 0.4 487
16 10000 2 0.3 0.4 488
16 10000 2 0.3 0.4 489
16 10000 2 0.3 0.4 490
16 10000 2 0.3 0.4 491
16 10000 2 0.3 0.4 492
16 10000 2 0.3 0.4 493
16 10000 2 0.3 0.4 494
16 10000 2 0.3 0.4 495
16 10000 2 0.3 0.4 496
16 10000 2 0.3 0.4 497
16 10000 2 0.3 0.4 498
16 10000 2 0.3 0.4 499
16 10000 2 0.3 0.4 500
16 10000 2 0.3 0.6 1
16 10000 2 0.3 0.6 2
16 10000 2 0.3 0.6 3
16 10000 2 0.3 0.6 4
16 10000 2 0.3 0.6 5
16 10000 2 0.3 0.6 6
16 10000 2 0.3 0.6 7
16 10000 2 0.3 0.6 8
16 10000 2 0.3 0.6 9
16 10000 2 0.3 0.6 10
16 10000 2 0.3 0.6 11
16 10000 2 0.3 0.6 12
16 10000 2 0.3 0.6 13
16 10000 2 0.3 0.6 14
16 10000 2 0.3 0.6 15
16 10000 2 0.3 0.6 16
16 10000 2 0.3 0.6 17
16 10000 2 0.3 0.6 18
16 10000 2 0.3 0.6 19
16 10000 2 0.3 0.6 20
16 10000 2 0.3 0.6 21
16 10000 2 0.3 0.6 22
16 10000 2 0.3 0.6 23
16 10000 2 0.3 0.6 24
16 10000 2 0.3 0.6 25
16 10000 2 0.3 0.6 26
16 10000 2 0.3 0.6 27
16 10000 2 0.3 0.6 28
16 10000 2 0.3 0.6 29
16 10000 2 0.3 0.6 30
16 10000 2 0.3 0.6 31
16 10000 2 0.3 0.6 32
16 10000 2 0.3 0.6 33
16 10000 2 0.3 0.6 34
16 10000 2 0.3 0.6 35
16 10000 2 0.3 0.6 36
16 10000 2 0.3 0.6 37
16 10000 2 0.3 0.6 38
16 10000 2 0.3 0.6 39
16 10000 2 0.3 0.6 40
16 10000 2 0.3 0.6 41
16 10000 2 0.3 0.6 42
16 10000 2 0.3 0.6 43
16 10000 2 0.3 0.6 44
16 10000 2 0.3 0.6 45
16 10000 2 0.3 0.6 46
16 10000 2 0.3 0.6 47
16 10000 2 0.3 0.6 48
16 10000 2 0.3 0.6 49
16 10000 2 0.3 0.6 50
16 10000 2 0.3 0.6 51
16 10000 2 0.3 0.6 52
16 10000 2 0.3 0.6 53
16 10000 2 0.3 0.6 54
16 10000 2 0.3 0.6 55
16 10000 2 0.3 0.6 56
16 10000 2 0.3 0.6 57
16 10000 2 0.3 0.6 58
16 10000 2 0.3 0.6 59
16 10000 2 0.3 0.6 60
16 10000 2 0.3 0.6 61
16 10000 2 0.3 0.6 62
16 10000 2 0.3 0.6 63
16 10000 2 0.3 0.6 64
16 10000 2 0.3 0.6 65
16 10000 2 0.3 0.6 66
16 10000 2 0.3 0.6 67
16 10000 2 0.3 0.6 68
16 10000 2 0.3 0.6 69
16 10000 2 0.3 0.6 70
16 10000 2 0.3 0.6 71
16 10000 2 0.3 0.6 72
16 10000 2 0.3 0.6 73
16 10000 2 0.3 0.6 74
16 10000 2 0.3 0.6 75
16 10000 2 0.3 0.6 76
16 10000 2 0.3 0.6 77
16 10000 2 0.3 0.6 78
16 10000 2 0.3 0.6 79
16 10000 2 0.3 0.6 80
16 10000 2 0.3 0.6 81
16 10000 2 0.3 0.6 82
16 10000 2 0.3 0.6 83
16 10000 2 0.3 0.6 84
16 10000 2 0.3 0.6 85
16 10000 2 0.3 0.6 86
16 10000 2 0.3 0.6 87
16 10000 2 0.3 0.6 88
16 10000 2 0.3 0.6 89
16 10000 2 0.3 0.6 90
16 10000 2 0.3 0.6 91
16 10000 2 0.3 0.6 92
16 10000 2 0.3 0.6 93
16 10000 2 0.3 0.6 94
16 10000 2 0.3 0.6 95
16 10000 2 0.3 0.6 96
16 10000 2 0.3 0.6 97
16 10000 2 0.3 0.6 98
16 10000 2 0.3 0.6 99
16 10000 2 0.3 0.6 100
16 10000 2 0.3 0.6 101
16 10000 2 0.3 0.6 102
16 10000 2 0.3 0.6 103
16 10000 2 0.3 0.6 104
16 10000 2 0.3 0.6 105
16 10000 2 0.3 0.6 106
16 10000 2 0.3 0.6 107
16 10000 2 0.3 0.6 108
16 10000 2 0.3 0.6 109
16 10000 2 0.3 0.6 110
16 10000 2 0.3 0.6 111
16 10000 2 0.3 0.6 112
16 10000 2 0.3 0.6 113
16 10000 2 0.3 0.6 114
16 10000 2 0.3 0.6 115
16 10000 2 0.3 0.6 116
16 10000 2 0.3 0.6 117
16 10000 2 0.3 0.6 118
16 10000 2 0.3 0.6 119
16 10000 2 0.3 0.6 120
16 10000 2 0.3 0.6 121
16 10000 2 0.3 0.6 122
16 10000 2 0.3 0.6 123
16 10000 2 0.3 0.6 124
16 10000 2 0.3 0.6 125
16 10000 2 0.3 0.6 126
16 10000 2 0.3 0.6 127
16 10000 2 0.3 0.6 128
16 10000 2 0.3 0.6 129
16 10000 2 0.3 0.6 130
16 10000 2 0.3 0.6 131
16 10000 2 0.3 0.6 132
16 10000 2 0.3 0.6 133
16 10000 2 0.3 0.6 134
16 10000 2 0.3 0.6 135
16 10000 2 0.3 0.6 136
16 10000 2 0.3 0.6 137
16 10000 2 0.3 0.6 138
16 10000 2 0.3 0.6 139
16 10000 2 0.3 0.6 140
16 10000 2 0.3 0.6 141
16 10000 2 0.3 0.6 142
16 10000 2 0.3 0.6 143
16 10000 2 0.3 0.6 144
16 10000 2 0.3 0.6 145
16 10000 2 0.3 0.6 146
16 10000 2 0.3 0.6 147
16 10000 2 0.3 0.6 148
16 10000 2 0.3 0.6 149
16 10000 2 0.3 0.6 150
16 10000 2 0.3 0.6 151
16 10000 2 0.3 0.6 152
16 10000 2 0.3 0.6 153
16 10000 2 0.3 0.6 154
16 10000 2 0.3 0.6 155
16 10000 2 0.3 0.6 156
16 10000 2 0.3 0.6 157
16 10000 2 0.3 0.6 158
16 10000 2 0.3 0.6 159
16 10000 2 0.3 0.6 160
16 10000 2 0.3 0.6 161
16 10000 2 0.3 0.6 162
16 10000 2 0.3 0.6 163
16 10000 2 0.3 0.6 164
16 10000 2 0.3 0.6 165
16 10000 2 0.3 0.6 166
16 10000 2 0.3 0.6 167
16 10000 2 0.3 0.6 168
16 10000 2 0.3 0.6 169
16 10000 2 0.3 0.6 170
16 10000 2 0.3 0.6 171
16 10000 2 0.3 0.6 172
16 10000 2 0.3 0.6 173
16 10000 2 0.3 0.6 174
16 10000 2 0.3 0.6 175
16 10000 2 0.3 0.6 176
16 10000 2 0.3 0.6 177
16 10000 2 0.3 0.6 178
16 10000 2 0.3 0.6 179
16 10000 2 0.3 0.6 180
16 10000 2 0.3 0.6 181
16 10000 2 0.3 0.6 182
16 10000 2 0.3 0.6 183
16 10000 2 0.3 0.6 184
16 10000 2 0.3 0.6 185
16 10000 2 0.3 0.6 186
16 10000 2 0.3 0.6 187
16 10000 2 0.3 0.6 188
16 10000 2 0.3 0.6 189
16 10000 2 0.3 0.6 190
16 10000 2 0.3 0.6 191
16 10000 2 0.3 0.6 192
16 10000 2 0.3 0.6 193
16 10000 2 0.3 0.6 194
16 10000 2 0.3 0.6 195
16 10000 2 0.3 0.6 196
16 10000 2 0.3 0.6 197
16 10000 2 0.3 0.6 198
16 10000 2 0.3 0.6 199
16 10000 2 0.3 0.6 200
16 10000 2 0.3 0.6 201
16 10000 2 0.3 0.6 202
16 10000 2 0.3 0.6 203
16 10000 2 0.3 0.6 204
16 10000 2 0.3 0.6 205
16 10000 2 0.3 0.6 206
16 10000 2 0.3 0.6 207
16 10000 2 0.3 0.6 208
16 10000 2 0.3 0.6 209
16 10000 2 0.3 0.6 210
16 10000 2 0.3 0.6 211
16 10000 2 0.3 0.6 212
16 10000 2 0.3 0.6 213
16 10000 2 0.3 0.6 214
16 10000 2 0.3 0.6 215
16 10000 2 0.3 0.6 216
16 10000 2 0.3 0.6 217
16 10000 2 0.3 0.6 218
16 10000 2 0.3 0.6 219
16 10000 2 0.3 0.6 220
16 10000 2 0.3 0.6 221
16 10000 2 0.3 0.6 222
16 10000 2 0.3 0.6 223
16 10000 2 0.3 0.6 224
16 10000 2 0.3 0.6 225
16 10000 2 0.3 0.6 226
16 10000 2 0.3 0.6 227
16 10000 2 0.3 0.6 228
16 10000 2 0.3 0.6 229
16 10000 2 0.3 0.6 230
16 10000 2 0.3 0.6 231
16 10000 2 0.3 0.6 232
16 10000 2 0.3 0.6 233
16 10000 2 0.3 0.6 234
16 10000 2 0.3 0.6 235
16 10000 2 0.3 0.6 236
16 10000 2 0.3 0.6 237
16 10000 2 0.3 0.6 238
16 10000 2 0.3 0.6 239
16 10000 2 0.3 0.6 240
16 10000 2 0.3 0.6 241
16 10000 2 0.3 0.6 242
16 10000 2 0.3 0.6 243
16 10000 2 0.3 0.6 244
16 10000 2 0.3 0.6 245
16 10000 2 0.3 0.6 246
16 10000 2 0.3 0.6 247
16 10000 2 0.3 0.6 248
16 10000 2 0.3 0.6 249
16 10000 2 0.3 0.6 250
16 10000 2 0.3 0.6 251
16 10000 2 0.3 0.6 252
16 10000 2 0.3 0.6 253
16 10000 2 0.3 0.6 254
16 10000 2 0.3 0.6 255
16 10000 2 0.3 0.6 256
16 10000 2 0.3 0.6 257
16 10000 2 0.3 0.6 258
16 10000 2 0.3 0.6 259
16 10000 2 0.3 0.6 260
16 10000 2 0.3 0.6 261
16 10000 2 0.3 0.6 262
16 10000 2 0.3 0.6 263
16 10000 2 0.3 0.6 264
16 10000 2 0.3 0.6 265
16 10000 2 0.3 0.6 266
16 10000 2 0.3 0.6 267
16 10000 2 0.3 0.6 268
16 10000 2 0.3 0.6 269
16 10000 2 0.3 0.6 270
16 10000 2 0.3 0.6 271
16 10000 2 0.3 0.6 272
16 10000 2 0.3 0.6 273
16 10000 2 0.3 0.6 274
16 10000 2 0.3 0.6 275
16 10000 2 0.3 0.6 276
16 10000 2 0.3 0.6 277
16 10000 2 0.3 0.6 278
16 10000 2 0.3 0.6 279
16 10000 2 0.3 0.6 280
16 10000 2 0.3 0.6 281
16 10000 2 0.3 0.6 282
16 10000 2 0.3 0.6 283
16 10000 2 0.3 0.6 284
16 10000 2 0.3 0.6 285
16 10000 2 0.3 0.6 286
16 10000 2 0.3 0.6 287
16 10000 2 0.3 0.6 288
16 10000 2 0.3 0.6 289
16 10000 2 0.3 0.6 290
16 10000 2 0.3 0.6 291
16 10000 2 0.3 0.6 292
16 10000 2 0.3 0.6 293
16 10000 2 0.3 0.6 294
16 10000 2 0.3 0.6 295
16 10000 2 0.3 0.6 296
16 10000 2 0.3 0.6 297
16 10000 2 0.3 0.6 298
16 10000 2 0.3 0.6 299
16 10000 2 0.3 0.6 300
16 10000 2 0.3 0.6 301
16 10000 2 0.3 0.6 302
16 10000 2 0.3 0.6 303
16 10000 2 0.3 0.6 304
16 10000 2 0.3 0.6 305
16 10000 2 0.3 0.6 306
16 10000 2 0.3 0.6 307
16 10000 2 0.3 0.6 308
16 10000 2 0.3 0.6 309
16 10000 2 0.3 0.6 310
16 10000 2 0.3 0.6 311
16 10000 2 0.3 0.6 312
16 10000 2 0.3 0.6 313
16 10000 2 0.3 0.6 314
16 10000 2 0.3 0.6 315
16 10000 2 0.3 0.6 316
16 10000 2 0.3 0.6 317
16 10000 2 0.3 0.6 318
16 10000 2 0.3 0.6 319
16 10000 2 0.3 0.6 320
16 10000 2 0.3 0.6 321
16 10000 2 0.3 0.6 322
16 10000 2 0.3 0.6 323
16 10000 2 0.3 0.6 324
16 10000 2 0.3 0.6 325
16 10000 2 0.3 0.6 326
16 10000 2 0.3 0.6 327
16 10000 2 0.3 0.6 328
16 10000 2 0.3 0.6 329
16 10000 2 0.3 0.6 330
16 10000 2 0.3 0.6 331
16 10000 2 0.3 0.6 332
16 10000 2 0.3 0.6 333
16 10000 2 0.3 0.6 334
16 10000 2 0.3 0.6 335
16 10000 2 0.3 0.6 336
16 10000 2 0.3 0.6 337
16 10000 2 0.3 0.6 338
16 10000 2 0.3 0.6 339
16 10000 2 0.3 0.6 340
16 10000 2 0.3 0.6 341
16 10000 2 0.3 0.6 342
16 10000 2 0.3 0.6 343
16 10000 2 0.3 0.6 344
16 10000 2 0.3 0.6 345
16 10000 2 0.3 0.6 346
16 10000 2 0.3 0.6 347
16 10000 2 0.3 0.6 348
16 10000 2 0.3 0.6 349
16 10000 2 0.3 0.6 350
16 10000 2 0.3 0.6 351
16 10000 2 0.3 0.6 352
16 10000 2 0.3 0.6 353
16 10000 2 0.3 0.6 354
16 10000 2 0.3 0.6 355
16 10000 2 0.3 0.6 356
16 10000 2 0.3 0.6 357
16 10000 2 0.3 0.6 358
16 10000 2 0.3 0.6 359
16 10000 2 0.3 0.6 360
16 10000 2 0.3 0.6 361
16 10000 2 0.3 0.6 362
16 10000 2 0.3 0.6 363
16 10000 2 0.3 0.6 364
16 10000 2 0.3 0.6 365
16 10000 2 0.3 0.6 366
16 10000 2 0.3 0.6 367
16 10000 2 0.3 0.6 368
16 10000 2 0.3 0.6 369
16 10000 2 0.3 0.6 370
16 10000 2 0.3 0.6 371
16 10000 2 0.3 0.6 372
16 10000 2 0.3 0.6 373
16 10000 2 0.3 0.6 374
16 10000 2 0.3 0.6 375
16 10000 2 0.3 0.6 376
16 10000 2 0.3 0.6 377
16 10000 2 0.3 0.6 378
16 10000 2 0.3 0.6 379
16 10000 2 0.3 0.6 380
16 10000 2 0.3 0.6 381
16 10000 2 0.3 0.6 382
16 10000 2 0.3 0.6 383
16 10000 2 0.3 0.6 384
16 10000 2 0.3 0.6 385
16 10000 2 0.3 0.6 386
16 10000 2 0.3 0.6 387
16 10000 2 0.3 0.6 388
16 10000 2 0.3 0.6 389
16 10000 2 0.3 0.6 390
16 10000 2 0.3 0.6 391
16 10000 2 0.3 0.6 392
16 10000 2 0.3 0.6 393
16 10000 2 0.3 0.6 394
16 10000 2 0.3 0.6 395
16 10000 2 0.3 0.6 396
16 10000 2 0.3 0.6 397
16 10000 2 0.3 0.6 398
16 10000 2 0.3 0.6 399
16 10000 2 0.3 0.6 400
16 10000 2 0.3 0.6 401
16 10000 2 0.3 0.6 402
16 10000 2 0.3 0.6 403
16 10000 2 0.3 0.6 404
16 10000 2 0.3 0.6 405
16 10000 2 0.3 0.6 406
16 10000 2 0.3 0.6 407
16 10000 2 0.3 0.6 408
16 10000 2 0.3 0.6 409
16 10000 2 0.3 0.6 410
16 10000 2 0.3 0.6 411
16 10000 2 0.3 0.6 412
16 10000 2 0.3 0.6 413
16 10000 2 0.3 0.6 414
16 10000 2 0.3 0.6 415
16 10000 2 0.3 0.6 416
16 10000 2 0.3 0.6 417
16 10000 2 0.3 0.6 418
16 10000 2 0.3 0.6 419
16 10000 2 0.3 0.6 420
16 10000 2 0.3 0.6 421
16 10000 2 0.3 0.6 422
16 10000 2 0.3 0.6 423
16 10000 2 0.3 0.6 424
16 10000 2 0.3 0.6 425
16 10000 2 0.3 0.6 426
16 10000 2 0.3 0.6 427
16 10000 2 0.3 0.6 428
16 10000 2 0.3 0.6 429
16 10000 2 0.3 0.6 430
16 10000 2 0.3 0.6 431
16 10000 2 0.3 0.6 432
16 10000 2 0.3 0.6 433
16 10000 2 0.3 0.6 434
16 10000 2 0.3 0.6 435
16 10000 2 0.3 0.6 436
16 10000 2 0.3 0.6 437
16 10000 2 0.3 0.6 438
16 10000 2 0.3 0.6 439
16 10000 2 0.3 0.6 440
16 10000 2 0.3 0.6 441
16 10000 2 0.3 0.6 442
16 10000 2 0.3 0.6 443
16 10000 2 0.3 0.6 444
16 10000 2 0.3 0.6 445
16 10000 2 0.3 0.6 446
16 10000 2 0.3 0.6 447
16 10000 2 0.3 0.6 448
16 10000 2 0.3 0.6 449
16 10000 2 0.3 0.6 450
16 10000 2 0.3 0.6 451
16 10000 2 0.3 0.6 452
16 10000 2 0.3 0.6 453
16 10000 2 0.3 0.6 454
16 10000 2 0.3 0.6 455
16 10000 2 0.3 0.6 456
16 10000 2 0.3 0.6 457
16 10000 2 0.3 0.6 458
16 10000 2 0.3 0.6 459
16 10000 2 0.3 0.6 460
16 10000 2 0.3 0.6 461
16 10000 2 0.3 0.6 462
16 10000 2 0.3 0.6 463
16 10000 2 0.3 0.6 464
16 10000 2 0.3 0.6 465
16 10000 2 0.3 0.6 466
16 10000 2 0.3 0.6 467
16 10000 2 0.3 0.6 468
16 10000 2 0.3 0.6 469
16 10000 2 0.3 0.6 470
16 10000 2 0.3 0.6 471
16 10000 2 0.3 0.6 472
16 10000 2 0.3 0.6 473
16 10000 2 0.3 0.6 474
16 10000 2 0.3 0.6 475
16 10000 2 0.3 0.6 476
16 10000 2 0.3 0.6 477
16 10000 2 0.3 0.6 478
16 10000 2 0.3 0.6 479
16 10000 2 0.3 0.6 480
16 10000 2 0.3 0.6 481
16 10000 2 0.3 0.6 482
16 10000 2 0.3 0.6 483
16 10000 2 0.3 0.6 484
16 10000 2 0.3 0.6 485
16 10000 2 0.3 0.6 486
16 10000 2 0.3 0.6 487
16 10000 2 0.3 0.6 488
16 10000 2 0.3 0.6 489
16 10000 2 0.3 0.6 490
16 10000 2 0.3 0.6 491
16 10000 2 0.3 0.6 492
16 10000 2 0.3 0.6 493
16 10000 2 0.3 0.6 494
16 10000 2 0.3 0.6 495
16 10000 2 0.3 0.6 496
16 10000 2 0.3 0.6 497
16 10000 2 0.3 0.6 498
16 10000 2 0.3 0.6 499
16 10000 2 0.3 0.6 500
16 10000 2 0.3 0.8 1
16 10000 2 0.3 0.8 2
16 10000 2 0.3 0.8 3
16 10000 2 0.3 0.8 4
16 10000 2 0.3 0.8 5
16 10000 2 0.3 0.8 6
16 10000 2 0.3 0.8 7
16 10000 2 0.3 0.8 8
16 10000 2 0.3 0.8 9
16 10000 2 0.3 0.8 10
16 10000 2 0.3 0.8 11
16 10000 2 0.3 0.8 12
16 10000 2 0.3 0.8 13
16 10000 2 0.3 0.8 14
16 10000 2 0.3 0.8 15
16 10000 2 0.3 0.8 16
16 10000 2 0.3 0.8 17
16 10000 2 0.3 0.8 18
16 10000 2 0.3 0.8 19
16 10000 2 0.3 0.8 20
16 10000 2 0.3 0.8 21
16 10000 2 0.3 0.8 22
16 10000 2 0.3 0.8 23
16 10000 2 0.3 0.8 24
16 10000 2 0.3 0.8 25
16 10000 2 0.3 0.8 26
16 10000 2 0.3 0.8 27
16 10000 2 0.3 0.8 28
16 10000 2 0.3 0.8 29
16 10000 2 0.3 0.8 30
16 10000 2 0.3 0.8 31
16 10000 2 0.3 0.8 32
16 10000 2 0.3 0.8 33
16 10000 2 0.3 0.8 34
16 10000 2 0.3 0.8 35
16 10000 2 0.3 0.8 36
16 10000 2 0.3 0.8 37
16 10000 2 0.3 0.8 38
16 10000 2 0.3 0.8 39
16 10000 2 0.3 0.8 40
16 10000 2 0.3 0.8 41
16 10000 2 0.3 0.8 42
16 10000 2 0.3 0.8 43
16 10000 2 0.3 0.8 44
16 10000 2 0.3 0.8 45
16 10000 2 0.3 0.8 46
16 10000 2 0.3 0.8 47
16 10000 2 0.3 0.8 48
16 10000 2 0.3 0.8 49
16 10000 2 0.3 0.8 50
16 10000 2 0.3 0.8 51
16 10000 2 0.3 0.8 52
16 10000 2 0.3 0.8 53
16 10000 2 0.3 0.8 54
16 10000 2 0.3 0.8 55
16 10000 2 0.3 0.8 56
16 10000 2 0.3 0.8 57
16 10000 2 0.3 0.8 58
16 10000 2 0.3 0.8 59
16 10000 2 0.3 0.8 60
16 10000 2 0.3 0.8 61
16 10000 2 0.3 0.8 62
16 10000 2 0.3 0.8 63
16 10000 2 0.3 0.8 64
16 10000 2 0.3 0.8 65
16 10000 2 0.3 0.8 66
16 10000 2 0.3 0.8 67
16 10000 2 0.3 0.8 68
16 10000 2 0.3 0.8 69
16 10000 2 0.3 0.8 70
16 10000 2 0.3 0.8 71
16 10000 2 0.3 0.8 72
16 10000 2 0.3 0.8 73
16 10000 2 0.3 0.8 74
16 10000 2 0.3 0.8 75
16 10000 2 0.3 0.8 76
16 10000 2 0.3 0.8 77
16 10000 2 0.3 0.8 78
16 10000 2 0.3 0.8 79
16 10000 2 0.3 0.8 80
16 10000 2 0.3 0.8 81
16 10000 2 0.3 0.8 82
16 10000 2 0.3 0.8 83
16 10000 2 0.3 0.8 84
16 10000 2 0.3 0.8 85
16 10000 2 0.3 0.8 86
16 10000 2 0.3 0.8 87
16 10000 2 0.3 0.8 88
16 10000 2 0.3 0.8 89
16 10000 2 0.3 0.8 90
16 10000 2 0.3 0.8 91
16 10000 2 0.3 0.8 92
16 10000 2 0.3 0.8 93
16 10000 2 0.3 0.8 94
16 10000 2 0.3 0.8 95
16 10000 2 0.3 0.8 96
16 10000 2 0.3 0.8 97
16 10000 2 0.3 0.8 98
16 10000 2 0.3 0.8 99
16 10000 2 0.3 0.8 100
16 10000 2 0.3 0.8 101
16 10000 2 0.3 0.8 102
16 10000 2 0.3 0.8 103
16 10000 2 0.3 0.8 104
16 10000 2 0.3 0.8 105
16 10000 2 0.3 0.8 106
16 10000 2 0.3 0.8 107
16 10000 2 0.3 0.8 108
16 10000 2 0.3 0.8 109
16 10000 2 0.3 0.8 110
16 10000 2 0.3 0.8 111
16 10000 2 0.3 0.8 112
16 10000 2 0.3 0.8 113
16 10000 2 0.3 0.8 114
16 10000 2 0.3 0.8 115
16 10000 2 0.3 0.8 116
16 10000 2 0.3 0.8 117
16 10000 2 0.3 0.8 118
16 10000 2 0.3 0.8 119
16 10000 2 0.3 0.8 120
16 10000 2 0.3 0.8 121
16 10000 2 0.3 0.8 122
16 10000 2 0.3 0.8 123
16 10000 2 0.3 0.8 124
16 10000 2 0.3 0.8 125
16 10000 2 0.3 0.8 126
16 10000 2 0.3 0.8 127
16 10000 2 0.3 0.8 128
16 10000 2 0.3 0.8 129
16 10000 2 0.3 0.8 130
16 10000 2 0.3 0.8 131
16 10000 2 0.3 0.8 132
16 10000 2 0.3 0.8 133
16 10000 2 0.3 0.8 134
16 10000 2 0.3 0.8 135
16 10000 2 0.3 0.8 136
16 10000 2 0.3 0.8 137
16 10000 2 0.3 0.8 138
16 10000 2 0.3 0.8 139
16 10000 2 0.3 0.8 140
16 10000 2 0.3 0.8 141
16 10000 2 0.3 0.8 142
16 10000 2 0.3 0.8 143
16 10000 2 0.3 0.8 144
16 10000 2 0.3 0.8 145
16 10000 2 0.3 0.8 146
16 10000 2 0.3 0.8 147
16 10000 2 0.3 0.8 148
16 10000 2 0.3 0.8 149
16 10000 2 0.3 0.8 150
16 10000 2 0.3 0.8 151
16 10000 2 0.3 0.8 152
16 10000 2 0.3 0.8 153
16 10000 2 0.3 0.8 154
16 10000 2 0.3 0.8 155
16 10000 2 0.3 0.8 156
16 10000 2 0.3 0.8 157
16 10000 2 0.3 0.8 158
16 10000 2 0.3 0.8 159
16 10000 2 0.3 0.8 160
16 10000 2 0.3 0.8 161
16 10000 2 0.3 0.8 162
16 10000 2 0.3 0.8 163
16 10000 2 0.3 0.8 164
16 10000 2 0.3 0.8 165
16 10000 2 0.3 0.8 166
16 10000 2 0.3 0.8 167
16 10000 2 0.3 0.8 168
16 10000 2 0.3 0.8 169
16 10000 2 0.3 0.8 170
16 10000 2 0.3 0.8 171
16 10000 2 0.3 0.8 172
16 10000 2 0.3 0.8 173
16 10000 2 0.3 0.8 174
16 10000 2 0.3 0.8 175
16 10000 2 0.3 0.8 176
16 10000 2 0.3 0.8 177
16 10000 2 0.3 0.8 178
16 10000 2 0.3 0.8 179
16 10000 2 0.3 0.8 180
16 10000 2 0.3 0.8 181
16 10000 2 0.3 0.8 182
16 10000 2 0.3 0.8 183
16 10000 2 0.3 0.8 184
16 10000 2 0.3 0.8 185
16 10000 2 0.3 0.8 186
16 10000 2 0.3 0.8 187
16 10000 2 0.3 0.8 188
16 10000 2 0.3 0.8 189
16 10000 2 0.3 0.8 190
16 10000 2 0.3 0.8 191
16 10000 2 0.3 0.8 192
16 10000 2 0.3 0.8 193
16 10000 2 0.3 0.8 194
16 10000 2 0.3 0.8 195
16 10000 2 0.3 0.8 196
16 10000 2 0.3 0.8 197
16 10000 2 0.3 0.8 198
16 10000 2 0.3 0.8 199
16 10000 2 0.3 0.8 200
16 10000 2 0.3 0.8 201
16 10000 2 0.3 0.8 202
16 10000 2 0.3 0.8 203
16 10000 2 0.3 0.8 204
16 10000 2 0.3 0.8 205
16 10000 2 0.3 0.8 206
16 10000 2 0.3 0.8 207
16 10000 2 0.3 0.8 208
16 10000 2 0.3 0.8 209
16 10000 2 0.3 0.8 210
16 10000 2 0.3 0.8 211
16 10000 2 0.3 0.8 212
16 10000 2 0.3 0.8 213
16 10000 2 0.3 0.8 214
16 10000 2 0.3 0.8 215
16 10000 2 0.3 0.8 216
16 10000 2 0.3 0.8 217
16 10000 2 0.3 0.8 218
16 10000 2 0.3 0.8 219
16 10000 2 0.3 0.8 220
16 10000 2 0.3 0.8 221
16 10000 2 0.3 0.8 222
16 10000 2 0.3 0.8 223
16 10000 2 0.3 0.8 224
16 10000 2 0.3 0.8 225
16 10000 2 0.3 0.8 226
16 10000 2 0.3 0.8 227
16 10000 2 0.3 0.8 228
16 10000 2 0.3 0.8 229
16 10000 2 0.3 0.8 230
16 10000 2 0.3 0.8 231
16 10000 2 0.3 0.8 232
16 10000 2 0.3 0.8 233
16 10000 2 0.3 0.8 234
16 10000 2 0.3 0.8 235
16 10000 2 0.3 0.8 236
16 10000 2 0.3 0.8 237
16 10000 2 0.3 0.8 238
16 10000 2 0.3 0.8 239
16 10000 2 0.3 0.8 240
16 10000 2 0.3 0.8 241
16 10000 2 0.3 0.8 242
16 10000 2 0.3 0.8 243
16 10000 2 0.3 0.8 244
16 10000 2 0.3 0.8 245
16 10000 2 0.3 0.8 246
16 10000 2 0.3 0.8 247
16 10000 2 0.3 0.8 248
16 10000 2 0.3 0.8 249
16 10000 2 0.3 0.8 250
16 10000 2 0.3 0.8 251
16 10000 2 0.3 0.8 252
16 10000 2 0.3 0.8 253
16 10000 2 0.3 0.8 254
16 10000 2 0.3 0.8 255
16 10000 2 0.3 0.8 256
16 10000 2 0.3 0.8 257
16 10000 2 0.3 0.8 258
16 10000 2 0.3 0.8 259
16 10000 2 0.3 0.8 260
16 10000 2 0.3 0.8 261
16 10000 2 0.3 0.8 262
16 10000 2 0.3 0.8 263
16 10000 2 0.3 0.8 264
16 10000 2 0.3 0.8 265
16 10000 2 0.3 0.8 266
16 10000 2 0.3 0.8 267
16 10000 2 0.3 0.8 268
16 10000 2 0.3 0.8 269
16 10000 2 0.3 0.8 270
16 10000 2 0.3 0.8 271
16 10000 2 0.3 0.8 272
16 10000 2 0.3 0.8 273
16 10000 2 0.3 0.8 274
16 10000 2 0.3 0.8 275
16 10000 2 0.3 0.8 276
16 10000 2 0.3 0.8 277
16 10000 2 0.3 0.8 278
16 10000 2 0.3 0.8 279
16 10000 2 0.3 0.8 280
16 10000 2 0.3 0.8 281
16 10000 2 0.3 0.8 282
16 10000 2 0.3 0.8 283
16 10000 2 0.3 0.8 284
16 10000 2 0.3 0.8 285
16 10000 2 0.3 0.8 286
16 10000 2 0.3 0.8 287
16 10000 2 0.3 0.8 288
16 10000 2 0.3 0.8 289
16 10000 2 0.3 0.8 290
16 10000 2 0.3 0.8 291
16 10000 2 0.3 0.8 292
16 10000 2 0.3 0.8 293
16 10000 2 0.3 0.8 294
16 10000 2 0.3 0.8 295
16 10000 2 0.3 0.8 296
16 10000 2 0.3 0.8 297
16 10000 2 0.3 0.8 298
16 10000 2 0.3 0.8 299
16 10000 2 0.3 0.8 300
16 10000 2 0.3 0.8 301
16 10000 2 0.3 0.8 302
16 10000 2 0.3 0.8 303
16 10000 2 0.3 0.8 304
16 10000 2 0.3 0.8 305
16 10000 2 0.3 0.8 306
16 10000 2 0.3 0.8 307
16 10000 2 0.3 0.8 308
16 10000 2 0.3 0.8 309
16 10000 2 0.3 0.8 310
16 10000 2 0.3 0.8 311
16 10000 2 0.3 0.8 312
16 10000 2 0.3 0.8 313
16 10000 2 0.3 0.8 314
16 10000 2 0.3 0.8 315
16 10000 2 0.3 0.8 316
16 10000 2 0.3 0.8 317
16 10000 2 0.3 0.8 318
16 10000 2 0.3 0.8 319
16 10000 2 0.3 0.8 320
16 10000 2 0.3 0.8 321
16 10000 2 0.3 0.8 322
16 10000 2 0.3 0.8 323
16 10000 2 0.3 0.8 324
16 10000 2 0.3 0.8 325
16 10000 2 0.3 0.8 326
16 10000 2 0.3 0.8 327
16 10000 2 0.3 0.8 328
16 10000 2 0.3 0.8 329
16 10000 2 0.3 0.8 330
16 10000 2 0.3 0.8 331
16 10000 2 0.3 0.8 332
16 10000 2 0.3 0.8 333
16 10000 2 0.3 0.8 334
16 10000 2 0.3 0.8 335
16 10000 2 0.3 0.8 336
16 10000 2 0.3 0.8 337
16 10000 2 0.3 0.8 338
16 10000 2 0.3 0.8 339
16 10000 2 0.3 0.8 340
16 10000 2 0.3 0.8 341
16 10000 2 0.3 0.8 342
16 10000 2 0.3 0.8 343
16 10000 2 0.3 0.8 344
16 10000 2 0.3 0.8 345
16 10000 2 0.3 0.8 346
16 10000 2 0.3 0.8 347
16 10000 2 0.3 0.8 348
16 10000 2 0.3 0.8 349
16 10000 2 0.3 0.8 350
16 10000 2 0.3 0.8 351
16 10000 2 0.3 0.8 352
16 10000 2 0.3 0.8 353
16 10000 2 0.3 0.8 354
16 10000 2 0.3 0.8 355
16 10000 2 0.3 0.8 356
16 10000 2 0.3 0.8 357
16 10000 2 0.3 0.8 358
16 10000 2 0.3 0.8 359
16 10000 2 0.3 0.8 360
16 10000 2 0.3 0.8 361
16 10000 2 0.3 0.8 362
16 10000 2 0.3 0.8 363
16 10000 2 0.3 0.8 364
16 10000 2 0.3 0.8 365
16 10000 2 0.3 0.8 366
16 10000 2 0.3 0.8 367
16 10000 2 0.3 0.8 368
16 10000 2 0.3 0.8 369
16 10000 2 0.3 0.8 370
16 10000 2 0.3 0.8 371
16 10000 2 0.3 0.8 372
16 10000 2 0.3 0.8 373
16 10000 2 0.3 0.8 374
16 10000 2 0.3 0.8 375
16 10000 2 0.3 0.8 376
16 10000 2 0.3 0.8 377
16 10000 2 0.3 0.8 378
16 10000 2 0.3 0.8 379
16 10000 2 0.3 0.8 380
16 10000 2 0.3 0.8 381
16 10000 2 0.3 0.8 382
16 10000 2 0.3 0.8 383
16 10000 2 0.3 0.8 384
16 10000 2 0.3 0.8 385
16 10000 2 0.3 0.8 386
16 10000 2 0.3 0.8 387
16 10000 2 0.3 0.8 388
16 10000 2 0.3 0.8 389
16 10000 2 0.3 0.8 390
16 10000 2 0.3 0.8 391
16 10000 2 0.3 0.8 392
16 10000 2 0.3 0.8 393
16 10000 2 0.3 0.8 394
16 10000 2 0.3 0.8 395
16 10000 2 0.3 0.8 396
16 10000 2 0.3 0.8 397
16 10000 2 0.3 0.8 398
16 10000 2 0.3 0.8 399
16 10000 2 0.3 0.8 400
16 10000 2 0.3 0.8 401
16 10000 2 0.3 0.8 402
16 10000 2 0.3 0.8 403
16 10000 2 0.3 0.8 404
16 10000 2 0.3 0.8 405
16 10000 2 0.3 0.8 406
16 10000 2 0.3 0.8 407
16 10000 2 0.3 0.8 408
16 10000 2 0.3 0.8 409
16 10000 2 0.3 0.8 410
16 10000 2 0.3 0.8 411
16 10000 2 0.3 0.8 412
16 10000 2 0.3 0.8 413
16 10000 2 0.3 0.8 414
16 10000 2 0.3 0.8 415
16 10000 2 0.3 0.8 416
16 10000 2 0.3 0.8 417
16 10000 2 0.3 0.8 418
16 10000 2 0.3 0.8 419
16 10000 2 0.3 0.8 420
16 10000 2 0.3 0.8 421
16 10000 2 0.3 0.8 422
16 10000 2 0.3 0.8 423
16 10000 2 0.3 0.8 424
16 10000 2 0.3 0.8 425
16 10000 2 0.3 0.8 426
16 10000 2 0.3 0.8 427
16 10000 2 0.3 0.8 428
16 10000 2 0.3 0.8 429
16 10000 2 0.3 0.8 430
16 10000 2 0.3 0.8 431
16 10000 2 0.3 0.8 432
16 10000 2 0.3 0.8 433
16 10000 2 0.3 0.8 434
16 10000 2 0.3 0.8 435
16 10000 2 0.3 0.8 436
16 10000 2 0.3 0.8 437
16 10000 2 0.3 0.8 438
16 10000 2 0.3 0.8 439
16 10000 2 0.3 0.8 440
16 10000 2 0.3 0.8 441
16 10000 2 0.3 0.8 442
16 10000 2 0.3 0.8 443
16 10000 2 0.3 0.8 444
16 10000 2 0.3 0.8 445
16 10000 2 0.3 0.8 446
16 10000 2 0.3 0.8 447
16 10000 2 0.3 0.8 448
16 10000 2 0.3 0.8 449
16 10000 2 0.3 0.8 450
16 10000 2 0.3 0.8 451
16 10000 2 0.3 0.8 452
16 10000 2 0.3 0.8 453
16 10000 2 0.3 0.8 454
16 10000 2 0.3 0.8 455
16 10000 2 0.3 0.8 456
16 10000 2 0.3 0.8 457
16 10000 2 0.3 0.8 458
16 10000 2 0.3 0.8 459
16 10000 2 0.3 0.8 460
16 10000 2 0.3 0.8 461
16 10000 2 0.3 0.8 462
16 10000 2 0.3 0.8 463
16 10000 2 0.3 0.8 464
16 10000 2 0.3 0.8 465
16 10000 2 0.3 0.8 466
16 10000 2 0.3 0.8 467
16 10000 2 0.3 0.8 468
16 10000 2 0.3 0.8 469
16 10000 2 0.3 0.8 470
16 10000 2 0.3 0.8 471
16 10000 2 0.3 0.8 472
16 10000 2 0.3 0.8 473
16 10000 2 0.3 0.8 474
16 10000 2 0.3 0.8 475
16 10000 2 0.3 0.8 476
16 10000 2 0.3 0.8 477
16 10000 2 0.3 0.8 478
16 10000 2 0.3 0.8 479
16 10000 2 0.3 0.8 480
16 10000 2 0.3 0.8 481
16 10000 2 0.3 0.8 482
16 10000 2 0.3 0.8 483
16 10000 2 0.3 0.8 484
16 10000 2 0.3 0.8 485
16 10000 2 0.3 0.8 486
16 10000 2 0.3 0.8 487
16 10000 2 0.3 0.8 488
16 10000 2 0.3 0.8 489
16 10000 2 0.3 0.8 490
16 10000 2 0.3 0.8 491
16 10000 2 0.3 0.8 492
16 10000 2 0.3 0.8 493
16 10000 2 0.3 0.8 494
16 10000 2 0.3 0.8 495
16 10000 2 0.3 0.8 496
16 10000 2 0.3 0.8 497
16 10000 2 0.3 0.8 498
16 10000 2 0.3 0.8 499
16 10000 2 0.3 0.8 500
