24 10000 2 0.3 0.2 1
24 10000 2 0.3 0.2 2
24 10000 2 0.3 0.2 3
24 10000 2 0.3 0.2 4
24 10000 2 0.3 0.2 5
24 10000 2 0.3 0.2 6
24 10000 2 0.3 0.2 7
24 10000 2 0.3 0.2 8
24 10000 2 0.3 0.2 9
24 10000 2 0.3 0.2 10
24 10000 2 0.3 0.2 11
24 10000 2 0.3 0.2 12
24 10000 2 0.3 0.2 13
24 10000 2 0.3 0.2 14
24 10000 2 0.3 0.2 15
24 10000 2 0.3 0.2 16
24 10000 2 0.3 0.2 17
24 10000 2 0.3 0.2 18
24 10000 2 0.3 0.2 19
24 10000 2 0.3 0.2 20
24 10000 2 0.3 0.2 21
24 10000 2 0.3 0.2 22
24 10000 2 0.3 0.2 23
24 10000 2 0.3 0.2 24
24 10000 2 0.3 0.2 25
24 10000 2 0.3 0.2 26
24 10000 2 0.3 0.2 27
24 10000 2 0.3 0.2 28
24 10000 2 0.3 0.2 29
24 10000 2 0.3 0.2 30
24 10000 2 0.3 0.2 31
24 10000 2 0.3 0.2 32
24 10000 2 0.3 0.2 33
24 10000 2 0.3 0.2 34
24 10000 2 0.3 0.2 35
24 10000 2 0.3 0.2 36
24 10000 2 0.3 0.2 37
24 10000 2 0.3 0.2 38
24 10000 2 0.3 0.2 39
24 10000 2 0.3 0.2 40
24 10000 2 0.3 0.2 41
24 10000 2 0.3 0.2 42
24 10000 2 0.3 0.2 43
24 10000 2 0.3 0.2 44
24 10000 2 0.3 0.2 45
24 10000 2 0.3 0.2 46
24 10000 2 0.3 0.2 47
24 10000 2 0.3 0.2 48
24 10000 2 0.3 0.2 49
24 10000 2 0.3 0.2 50
24 10000 2 0.3 0.2 51
24 10000 2 0.3 0.2 52
24 10000 2 0.3 0.2 53
24 10000 2 0.3 0.2 54
24 10000 2 0.3 0.2 55
24 10000 2 0.3 0.2 56
24 10000 2 0.3 0.2 57
24 10000 2 0.3 0.2 58
24 10000 2 0.3 0.2 59
24 10000 2 0.3 0.2 60
24 10000 2 0.3 0.2 61
24 10000 2 0.3 0.2 62
24 10000 2 0.3 0.2 63
24 10000 2 0.3 0.2 64
24 10000 2 0.3 0.2 65
24 10000 2 0.3 0.2 66
24 10000 2 0.3 0.2 67
24 10000 2 0.3 0.2 68
24 10000 2 0.3 0.2 69
24 10000 2 0.3 0.2 70
24 10000 2 0.3 0.2 71
24 10000 2 0.3 0.2 72
24 10000 2 0.3 0.2 73
24 10000 2 0.3 0.2 74
24 10000 2 0.3 0.2 75
24 10000 2 0.3 0.2 76
24 10000 2 0.3 0.2 77
24 10000 2 0.3 0.2 78
24 10000 2 0.3 0.2 79
24 10000 2 0.3 0.2 80
24 10000 2 0.3 0.2 81
24 10000 2 0.3 0.2 82
24 10000 2 0.3 0.2 83
24 10000 2 0.3 0.2 84
24 10000 2 0.3 0.2 85
24 10000 2 0.3 0.2 86
24 10000 2 0.3 0.2 87
24 10000 2 0.3 0.2 88
24 10000 2 0.3 0.2 89
24 10000 2 0.3 0.2 90
24 10000 2 0.3 0.2 91
24 10000 2 0.3 0.2 92
24 10000 2 0.3 0.2 93
24 10000 2 0.3 0.2 94
24 10000 2 0.3 0.2 95
24 10000 2 0.3 0.2 96
24 10000 2 0.3 0.2 97
24 10000 2 0.3 0.2 98
24 10000 2 0.3 0.2 99
24 10000 2 0.3 0.2 100
24 10000 2 0.3 0.2 101
24 10000 2 0.3 0.2 102
24 10000 2 0.3 0.2 103
24 10000 2 0.3 0.2 104
24 10000 2 0.3 0.2 105
24 10000 2 0.3 0.2 106
24 10000 2 0.3 0.2 107
24 10000 2 0.3 0.2 108
24 10000 2 0.3 0.2 109
24 10000 2 0.3 0.2 110
24 10000 2 0.3 0.2 111
24 10000 2 0.3 0.2 112
24 10000 2 0.3 0.2 113
24 10000 2 0.3 0.2 114
24 10000 2 0.3 0.2 115
24 10000 2 0.3 0.2 116
24 10000 2 0.3 0.2 117
24 10000 2 0.3 0.2 118
24 10000 2 0.3 0.2 119
24 10000 2 0.3 0.2 120
24 10000 2 0.3 0.2 121
24 10000 2 0.3 0.2 122
24 10000 2 0.3 0.2 123
24 10000 2 0.3 0.2 124
24 10000 2 0.3 0.2 125
24 10000 2 0.3 0.2 126
24 10000 2 0.3 0.2 127
24 10000 2 0.3 0.2 128
24 10000 2 0.3 0.2 129
24 10000 2 0.3 0.2 130
24 10000 2 0.3 0.2 131
24 10000 2 0.3 0.2 132
24 10000 2 0.3 0.2 133
24 10000 2 0.3 0.2 134
24 10000 2 0.3 0.2 135
24 10000 2 0.3 0.2 136
24 10000 2 0.3 0.2 137
24 10000 2 0.3 0.2 138
24 10000 2 0.3 0.2 139
24 10000 2 0.3 0.2 140
24 10000 2 0.3 0.2 141
24 10000 2 0.3 0.2 142
24 10000 2 0.3 0.2 143
24 10000 2 0.3 0.2 144
24 10000 2 0.3 0.2 145
24 10000 2 0.3 0.2 146
24 10000 2 0.3 0.2 147
24 10000 2 0.3 0.2 148
24 10000 2 0.3 0.2 149
24 10000 2 0.3 0.2 150
24 10000 2 0.3 0.2 151
24 10000 2 0.3 0.2 152
24 10000 2 0.3 0.2 153
24 10000 2 0.3 0.2 154
24 10000 2 0.3 0.2 155
24 10000 2 0.3 0.2 156
24 10000 2 0.3 0.2 157
24 10000 2 0.3 0.2 158
24 10000 2 0.3 0.2 159
24 10000 2 0.3 0.2 160
24 10000 2 0.3 0.2 161
24 10000 2 0.3 0.2 162
24 10000 2 0.3 0.2 163
24 10000 2 0.3 0.2 164
24 10000 2 0.3 0.2 165
24 10000 2 0.3 0.2 166
24 10000 2 0.3 0.2 167
24 10000 2 0.3 0.2 168
24 10000 2 0.3 0.2 169
24 10000 2 0.3 0.2 170
24 10000 2 0.3 0.2 171
24 10000 2 0.3 0.2 172
24 10000 2 0.3 0.2 173
24 10000 2 0.3 0.2 174
24 10000 2 0.3 0.2 175
24 10000 2 0.3 0.2 176
24 10000 2 0.3 0.2 177
24 10000 2 0.3 0.2 178
24 10000 2 0.3 0.2 179
24 10000 2 0.3 0.2 180
24 10000 2 0.3 0.2 181
24 10000 2 0.3 0.2 182
24 10000 2 0.3 0.2 183
24 10000 2 0.3 0.2 184
24 10000 2 0.3 0.2 185
24 10000 2 0.3 0.2 186
24 10000 2 0.3 0.2 187
24 10000 2 0.3 0.2 188
24 10000 2 0.3 0.2 189
24 10000 2 0.3 0.2 190
24 10000 2 0.3 0.2 191
24 10000 2 0.3 0.2 192
24 10000 2 0.3 0.2 193
24 10000 2 0.3 0.2 194
24 10000 2 0.3 0.2 195
24 10000 2 0.3 0.2 196
24 10000 2 0.3 0.2 197
24 10000 2 0.3 0.2 198
24 10000 2 0.3 0.2 199
24 10000 2 0.3 0.2 200
24 10000 2 0.3 0.2 201
24 10000 2 0.3 0.2 202
24 10000 2 0.3 0.2 203
24 10000 2 0.3 0.2 204
24 10000 2 0.3 0.2 205
24 10000 2 0.3 0.2 206
24 10000 2 0.3 0.2 207
24 10000 2 0.3 0.2 208
24 10000 2 0.3 0.2 209
24 10000 2 0.3 0.2 210
24 10000 2 0.3 0.2 211
24 10000 2 0.3 0.2 212
24 10000 2 0.3 0.2 213
24 10000 2 0.3 0.2 214
24 10000 2 0.3 0.2 215
24 10000 2 0.3 0.2 216
24 10000 2 0.3 0.2 217
24 10000 2 0.3 0.2 218
24 10000 2 0.3 0.2 219
24 10000 2 0.3 0.2 220
24 10000 2 0.3 0.2 221
24 10000 2 0.3 0.2 222
24 10000 2 0.3 0.2 223
24 10000 2 0.3 0.2 224
24 10000 2 0.3 0.2 225
24 10000 2 0.3 0.2 226
24 10000 2 0.3 0.2 227
24 10000 2 0.3 0.2 228
24 10000 2 0.3 0.2 229
24 10000 2 0.3 0.2 230
24 10000 2 0.3 0.2 231
24 10000 2 0.3 0.2 232
24 10000 2 0.3 0.2 233
24 10000 2 0.3 0.2 234
24 10000 2 0.3 0.2 235
24 10000 2 0.3 0.2 236
24 10000 2 0.3 0.2 237
24 10000 2 0.3 0.2 238
24 10000 2 0.3 0.2 239
24 10000 2 0.3 0.2 240
24 10000 2 0.3 0.2 241
24 10000 2 0.3 0.2 242
24 10000 2 0.3 0.2 243
24 10000 2 0.3 0.2 244
24 10000 2 0.3 0.2 245
24 10000 2 0.3 0.2 246
24 10000 2 0.3 0.2 247
24 10000 2 0.3 0.2 248
24 10000 2 0.3 0.2 249
24 10000 2 0.3 0.2 250
24 10000 2 0.3 0.2 251
24 10000 2 0.3 0.2 252
24 10000 2 0.3 0.2 253
24 10000 2 0.3 0.2 254
24 10000 2 0.3 0.2 255
24 10000 2 0.3 0.2 256
24 10000 2 0.3 0.2 257
24 10000 2 0.3 0.2 258
24 10000 2 0.3 0.2 259
24 10000 2 0.3 0.2 260
24 10000 2 0.3 0.2 261
24 10000 2 0.3 0.2 262
24 10000 2 0.3 0.2 263
24 10000 2 0.3 0.2 264
24 10000 2 0.3 0.2 265
24 10000 2 0.3 0.2 266
24 10000 2 0.3 0.2 267
24 10000 2 0.3 0.2 268
24 10000 2 0.3 0.2 269
24 10000 2 0.3 0.2 270
24 10000 2 0.3 0.2 271
24 10000 2 0.3 0.2 272
24 10000 2 0.3 0.2 273
24 10000 2 0.3 0.2 274
24 10000 2 0.3 0.2 275
24 10000 2 0.3 0.2 276
24 10000 2 0.3 0.2 277
24 10000 2 0.3 0.2 278
24 10000 2 0.3 0.2 279
24 10000 2 0.3 0.2 280
24 10000 2 0.3 0.2 281
24 10000 2 0.3 0.2 282
24 10000 2 0.3 0.2 283
24 10000 2 0.3 0.2 284
24 10000 2 0.3 0.2 285
24 10000 2 0.3 0.2 286
24 10000 2 0.3 0.2 287
24 10000 2 0.3 0.2 288
24 10000 2 0.3 0.2 289
24 10000 2 0.3 0.2 290
24 10000 2 0.3 0.2 291
24 10000 2 0.3 0.2 292
24 10000 2 0.3 0.2 293
24 10000 2 0.3 0.2 294
24 10000 2 0.3 0.2 295
24 10000 2 0.3 0.2 296
24 10000 2 0.3 0.2 297
24 10000 2 0.3 0.2 298
24 10000 2 0.3 0.2 299
24 10000 2 0.3 0.2 300
24 10000 2 0.3 0.2 301
24 10000 2 0.3 0.2 302
24 10000 2 0.3 0.2 303
24 10000 2 0.3 0.2 304
24 10000 2 0.3 0.2 305
24 10000 2 0.3 0.2 306
24 10000 2 0.3 0.2 307
24 10000 2 0.3 0.2 308
24 10000 2 0.3 0.2 309
24 10000 2 0.3 0.2 310
24 10000 2 0.3 0.2 311
24 10000 2 0.3 0.2 312
24 10000 2 0.3 0.2 313
24 10000 2 0.3 0.2 314
24 10000 2 0.3 0.2 315
24 10000 2 0.3 0.2 316
24 10000 2 0.3 0.2 317
24 10000 2 0.3 0.2 318
24 10000 2 0.3 0.2 319
24 10000 2 0.3 0.2 320
24 10000 2 0.3 0.2 321
24 10000 2 0.3 0.2 322
24 10000 2 0.3 0.2 323
24 10000 2 0.3 0.2 324
24 10000 2 0.3 0.2 325
24 10000 2 0.3 0.2 326
24 10000 2 0.3 0.2 327
24 10000 2 0.3 0.2 328
24 10000 2 0.3 0.2 329
24 10000 2 0.3 0.2 330
24 10000 2 0.3 0.2 331
24 10000 2 0.3 0.2 332
24 10000 2 0.3 0.2 333
24 10000 2 0.3 0.2 334
24 10000 2 0.3 0.2 335
24 10000 2 0.3 0.2 336
24 10000 2 0.3 0.2 337
24 10000 2 0.3 0.2 338
24 10000 2 0.3 0.2 339
24 10000 2 0.3 0.2 340
24 10000 2 0.3 0.2 341
24 10000 2 0.3 0.2 342
24 10000 2 0.3 0.2 343
24 10000 2 0.3 0.2 344
24 10000 2 0.3 0.2 345
24 10000 2 0.3 0.2 346
24 10000 2 0.3 0.2 347
24 10000 2 0.3 0.2 348
24 10000 2 0.3 0.2 349
24 10000 2 0.3 0.2 350
24 10000 2 0.3 0.2 351
24 10000 2 0.3 0.2 352
24 10000 2 0.3 0.2 353
24 10000 2 0.3 0.2 354
24 10000 2 0.3 0.2 355
24 10000 2 0.3 0.2 356
24 10000 2 0.3 0.2 357
24 10000 2 0.3 0.2 358
24 10000 2 0.3 0.2 359
24 10000 2 0.3 0.2 360
24 10000 2 0.3 0.2 361
24 10000 2 0.3 0.2 362
24 10000 2 0.3 0.2 363
24 10000 2 0.3 0.2 364
24 10000 2 0.3 0.2 365
24 10000 2 0.3 0.2 366
24 10000 2 0.3 0.2 367
24 10000 2 0.3 0.2 368
24 10000 2 0.3 0.2 369
24 10000 2 0.3 0.2 370
24 10000 2 0.3 0.2 371
24 10000 2 0.3 0.2 372
24 10000 2 0.3 0.2 373
24 10000 2 0.3 0.2 374
24 10000 2 0.3 0.2 375
24 10000 2 0.3 0.2 376
24 10000 2 0.3 0.2 377
24 10000 2 0.3 0.2 378
24 10000 2 0.3 0.2 379
24 10000 2 0.3 0.2 380
24 10000 2 0.3 0.2 381
24 10000 2 0.3 0.2 382
24 10000 2 0.3 0.2 383
24 10000 2 0.3 0.2 384
24 10000 2 0.3 0.2 385
24 10000 2 0.3 0.2 386
24 10000 2 0.3 0.2 387
24 10000 2 0.3 0.2 388
24 10000 2 0.3 0.2 389
24 10000 2 0.3 0.2 390
24 10000 2 0.3 0.2 391
24 10000 2 0.3 0.2 392
24 10000 2 0.3 0.2 393
24 10000 2 0.3 0.2 394
24 10000 2 0.3 0.2 395
24 10000 2 0.3 0.2 396
24 10000 2 0.3 0.2 397
24 10000 2 0.3 0.2 398
24 10000 2 0.3 0.2 399
24 10000 2 0.3 0.2 400
24 10000 2 0.3 0.2 401
24 10000 2 0.3 0.2 402
24 10000 2 0.3 0.2 403
24 10000 2 0.3 0.2 404
24 10000 2 0.3 0.2 405
24 10000 2 0.3 0.2 406
24 10000 2 0.3 0.2 407
24 10000 2 0.3 0.2 408
24 10000 2 0.3 0.2 409
24 10000 2 0.3 0.2 410
24 10000 2 0.3 0.2 411
24 10000 2 0.3 0.2 412
24 10000 2 0.3 0.2 413
24 10000 2 0.3 0.2 414
24 10000 2 0.3 0.2 415
24 10000 2 0.3 0.2 416
24 10000 2 0.3 0.2 417
24 10000 2 0.3 0.2 418
24 10000 2 0.3 0.2 419
24 10000 2 0.3 0.2 420
24 10000 2 0.3 0.2 421
24 10000 2 0.3 0.2 422
24 10000 2 0.3 0.2 423
24 10000 2 0.3 0.2 424
24 10000 2 0.3 0.2 425
24 10000 2 0.3 0.2 426
24 10000 2 0.3 0.2 427
24 10000 2 0.3 0.2 428
24 10000 2 0.3 0.2 429
24 10000 2 0.3 0.2 430
24 10000 2 0.3 0.2 431
24 10000 2 0.3 0.2 432
24 10000 2 0.3 0.2 433
24 10000 2 0.3 0.2 434
24 10000 2 0.3 0.2 435
24 10000 2 0.3 0.2 436
24 10000 2 0.3 0.2 437
24 10000 2 0.3 0.2 438
24 10000 2 0.3 0.2 439
24 10000 2 0.3 0.2 440
24 10000 2 0.3 0.2 441
24 10000 2 0.3 0.2 442
24 10000 2 0.3 0.2 443
24 10000 2 0.3 0.2 444
24 10000 2 0.3 0.2 445
24 10000 2 0.3 0.2 446
24 10000 2 0.3 0.2 447
24 10000 2 0.3 0.2 448
24 10000 2 0.3 0.2 449
24 10000 2 0.3 0.2 450
24 10000 2 0.3 0.2 451
24 10000 2 0.3 0.2 452
24 10000 2 0.3 0.2 453
24 10000 2 0.3 0.2 454
24 10000 2 0.3 0.2 455
24 10000 2 0.3 0.2 456
24 10000 2 0.3 0.2 457
24 10000 2 0.3 0.2 458
24 10000 2 0.3 0.2 459
24 10000 2 0.3 0.2 460
24 10000 2 0.3 0.2 461
24 10000 2 0.3 0.2 462
24 10000 2 0.3 0.2 463
24 10000 2 0.3 0.2 464
24 10000 2 0.3 0.2 465
24 10000 2 0.3 0.2 466
24 10000 2 0.3 0.2 467
24 10000 2 0.3 0.2 468
24 10000 2 0.3 0.2 469
24 10000 2 0.3 0.2 470
24 10000 2 0.3 0.2 471
24 10000 2 0.3 0.2 472
24 10000 2 0.3 0.2 473
24 10000 2 0.3 0.2 474
24 10000 2 0.3 0.2 475
24 10000 2 0.3 0.2 476
24 10000 2 0.3 0.2 477
24 10000 2 0.3 0.2 478
24 10000 2 0.3 0.2 479
24 10000 2 0.3 0.2 480
24 10000 2 0.3 0.2 481
24 10000 2 0.3 0.2 482
24 10000 2 0.3 0.2 483
24 10000 2 0.3 0.2 484
24 10000 2 0.3 0.2 485
24 10000 2 0.3 0.2 486
24 10000 2 0.3 0.2 487
24 10000 2 0.3 0.2 488
24 10000 2 0.3 0.2 489
24 10000 2 0.3 0.2 490
24 10000 2 0.3 0.2 491
24 10000 2 0.3 0.2 492
24 10000 2 0.3 0.2 493
24 10000 2 0.3 0.2 494
24 10000 2 0.3 0.2 495
24 10000 2 0.3 0.2 496
24 10000 2 0.3 0.2 497
24 10000 2 0.3 0.2 498
24 10000 2 0.3 0.2 499
24 10000 2 0.3 0.2 500
24 10000 2 0.3 0.4 1
24 10000 2 0.3 0.4 2
24 10000 2 0.3 0.4 3
24 10000 2 0.3 0.4 4
24 10000 2 0.3 0.4 5
24 10000 2 0.3 0.4 6
24 10000 2 0.3 0.4 7
24 10000 2 0.3 0.4 8
24 10000 2 0.3 0.4 9
24 10000 2 0.3 0.4 10
24 10000 2 0.3 0.4 11
24 10000 2 0.3 0.4 12
24 10000 2 0.3 0.4 13
24 10000 2 0.3 0.4 14
24 10000 2 0.3 0.4 15
24 10000 2 0.3 0.4 16
24 10000 2 0.3 0.4 17
24 10000 2 0.3 0.4 18
24 10000 2 0.3 0.4 19
24 10000 2 0.3 0.4 20
24 10000 2 0.3 0.4 21
24 10000 2 0.3 0.4 22
24 10000 2 0.3 0.4 23
24 10000 2 0.3 0.4 24
24 10000 2 0.3 0.4 25
24 10000 2 0.3 0.4 26
24 10000 2 0.3 0.4 27
24 10000 2 0.3 0.4 28
24 10000 2 0.3 0.4 29
24 10000 2 0.3 0.4 30
24 10000 2 0.3 0.4 31
24 10000 2 0.3 0.4 32
24 10000 2 0.3 0.4 33
24 10000 2 0.3 0.4 34
24 10000 2 0.3 0.4 35
24 10000 2 0.3 0.4 36
24 10000 2 0.3 0.4 37
24 10000 2 0.3 0.4 38
24 10000 2 0.3 0.4 39
24 10000 2 0.3 0.4 40
24 10000 2 0.3 0.4 41
24 10000 2 0.3 0.4 42
24 10000 2 0.3 0.4 43
24 10000 2 0.3 0.4 44
24 10000 2 0.3 0.4 45
24 10000 2 0.3 0.4 46
24 10000 2 0.3 0.4 47
24 10000 2 0.3 0.4 48
24 10000 2 0.3 0.4 49
24 10000 2 0.3 0.4 50
24 10000 2 0.3 0.4 51
24 10000 2 0.3 0.4 52
24 10000 2 0.3 0.4 53
24 10000 2 0.3 0.4 54
24 10000 2 0.3 0.4 55
24 10000 2 0.3 0.4 56
24 10000 2 0.3 0.4 57
24 10000 2 0.3 0.4 58
24 10000 2 0.3 0.4 59
24 10000 2 0.3 0.4 60
24 10000 2 0.3 0.4 61
24 10000 2 0.3 0.4 62
24 10000 2 0.3 0.4 63
24 10000 2 0.3 0.4 64
24 10000 2 0.3 0.4 65
24 10000 2 0.3 0.4 66
24 10000 2 0.3 0.4 67
24 10000 2 0.3 0.4 68
24 10000 2 0.3 0.4 69
24 10000 2 0.3 0.4 70
24 10000 2 0.3 0.4 71
24 10000 2 0.3 0.4 72
24 10000 2 0.3 0.4 73
24 10000 2 0.3 0.4 74
24 10000 2 0.3 0.4 75
24 10000 2 0.3 0.4 76
24 10000 2 0.3 0.4 77
24 10000 2 0.3 0.4 78
24 10000 2 0.3 0.4 79
24 10000 2 0.3 0.4 80
24 10000 2 0.3 0.4 81
24 10000 2 0.3 0.4 82
24 10000 2 0.3 0.4 83
24 10000 2 0.3 0.4 84
24 10000 2 0.3 0.4 85
24 10000 2 0.3 0.4 86
24 10000 2 0.3 0.4 87
24 10000 2 0.3 0.4 88
24 10000 2 0.3 0.4 89
24 10000 2 0.3 0.4 90
24 10000 2 0.3 0.4 91
24 10000 2 0.3 0.4 92
24 10000 2 0.3 0.4 93
24 10000 2 0.3 0.4 94
24 10000 2 0.3 0.4 95
24 10000 2 0.3 0.4 96
24 10000 2 0.3 0.4 97
24 10000 2 0.3 0.4 98
24 10000 2 0.3 0.4 99
24 10000 2 0.3 0.4 100
24 10000 2 0.3 0.4 101
24 10000 2 0.3 0.4 102
24 10000 2 0.3 0.4 103
24 10000 2 0.3 0.4 104
24 10000 2 0.3 0.4 105
24 10000 2 0.3 0.4 106
24 10000 2 0.3 0.4 107
24 10000 2 0.3 0.4 108
24 10000 2 0.3 0.4 109
24 10000 2 0.3 0.4 110
24 10000 2 0.3 0.4 111
24 10000 2 0.3 0.4 112
24 10000 2 0.3 0.4 113
24 10000 2 0.3 0.4 114
24 10000 2 0.3 0.4 115
24 10000 2 0.3 0.4 116
24 10000 2 0.3 0.4 117
24 10000 2 0.3 0.4 118
24 10000 2 0.3 0.4 119
24 10000 2 0.3 0.4 120
24 10000 2 0.3 0.4 121
24 10000 2 0.3 0.4 122
24 10000 2 0.3 0.4 123
24 10000 2 0.3 0.4 124
24 10000 2 0.3 0.4 125
24 10000 2 0.3 0.4 126
24 10000 2 0.3 0.4 127
24 10000 2 0.3 0.4 128
24 10000 2 0.3 0.4 129
24 10000 2 0.3 0.4 130
24 10000 2 0.3 0.4 131
24 10000 2 0.3 0.4 132
24 10000 2 0.3 0.4 133
24 10000 2 0.3 0.4 134
24 10000 2 0.3 0.4 135
24 10000 2 0.3 0.4 136
24 10000 2 0.3 0.4 137
24 10000 2 0.3 0.4 138
24 10000 2 0.3 0.4 139
24 10000 2 0.3 0.4 140
24 10000 2 0.3 0.4 141
24 10000 2 0.3 0.4 142
24 10000 2 0.3 0.4 143
24 10000 2 0.3 0.4 144
24 10000 2 0.3 0.4 145
24 10000 2 0.3 0.4 146
24 10000 2 0.3 0.4 147
24 10000 2 0.3 0.4 148
24 10000 2 0.3 0.4 149
24 10000 2 0.3 0.4 150
24 10000 2 0.3 0.4 151
24 10000 2 0.3 0.4 152
24 10000 2 0.3 0.4 153
24 10000 2 0.3 0.4 154
24 10000 2 0.3 0.4 155
24 10000 2 0.3 0.4 156
24 10000 2 0.3 0.4 157
24 10000 2 0.3 0.4 158
24 10000 2 0.3 0.4 159
24 10000 2 0.3 0.4 160
24 10000 2 0.3 0.4 161
24 10000 2 0.3 0.4 162
24 10000 2 0.3 0.4 163
24 10000 2 0.3 0.4 164
24 10000 2 0.3 0.4 165
24 10000 2 0.3 0.4 166
24 10000 2 0.3 0.4 167
24 10000 2 0.3 0.4 168
24 10000 2 0.3 0.4 169
24 10000 2 0.3 0.4 170
24 10000 2 0.3 0.4 171
24 10000 2 0.3 0.4 172
24 10000 2 0.3 0.4 173
24 10000 2 0.3 0.4 174
24 10000 2 0.3 0.4 175
24 10000 2 0.3 0.4 176
24 10000 2 0.3 0.4 177
24 10000 2 0.3 0.4 178
24 10000 2 0.3 0.4 179
24 10000 2 0.3 0.4 180
24 10000 2 0.3 0.4 181
24 10000 2 0.3 0.4 182
24 10000 2 0.3 0.4 183
24 10000 2 0.3 0.4 184
24 10000 2 0.3 0.4 185
24 10000 2 0.3 0.4 186
24 10000 2 0.3 0.4 187
24 10000 2 0.3 0.4 188
24 10000 2 0.3 0.4 189
24 10000 2 0.3 0.4 190
24 10000 2 0.3 0.4 191
24 10000 2 0.3 0.4 192
24 10000 2 0.3 0.4 193
24 10000 2 0.3 0.4 194
24 10000 2 0.3 0.4 195
24 10000 2 0.3 0.4 196
24 10000 2 0.3 0.4 197
24 10000 2 0.3 0.4 198
24 10000 2 0.3 0.4 199
24 10000 2 0.3 0.4 200
24 10000 2 0.3 0.4 201
24 10000 2 0.3 0.4 202
24 10000 2 0.3 0.4 203
24 10000 2 0.3 0.4 204
24 10000 2 0.3 0.4 205
24 10000 2 0.3 0.4 206
24 10000 2 0.3 0.4 207
24 10000 2 0.3 0.4 208
24 10000 2 0.3 0.4 209
24 10000 2 0.3 0.4 210
24 10000 2 0.3 0.4 211
24 10000 2 0.3 0.4 212
24 10000 2 0.3 0.4 213
24 10000 2 0.3 0.4 214
24 10000 2 0.3 0.4 215
24 10000 2 0.3 0.4 216
24 10000 2 0.3 0.4 217
24 10000 2 0.3 0.4 218
24 10000 2 0.3 0.4 219
24 10000 2 0.3 0.4 220
24 10000 2 0.3 0.4 221
24 10000 2 0.3 0.4 222
24 10000 2 0.3 0.4 223
24 10000 2 0.3 0.4 224
24 10000 2 0.3 0.4 225
24 10000 2 0.3 0.4 226
24 10000 2 0.3 0.4 227
24 10000 2 0.3 0.4 228
24 10000 2 0.3 0.4 229
24 10000 2 0.3 0.4 230
24 10000 2 0.3 0.4 231
24 10000 2 0.3 0.4 232
24 10000 2 0.3 0.4 233
24 10000 2 0.3 0.4 234
24 10000 2 0.3 0.4 235
24 10000 2 0.3 0.4 236
24 10000 2 0.3 0.4 237
24 10000 2 0.3 0.4 238
24 10000 2 0.3 0.4 239
24 10000 2 0.3 0.4 240
24 10000 2 0.3 0.4 241
24 10000 2 0.3 0.4 242
24 10000 2 0.3 0.4 243
24 10000 2 0.3 0.4 244
24 10000 2 0.3 0.4 245
24 10000 2 0.3 0.4 246
24 10000 2 0.3 0.4 247
24 10000 2 0.3 0.4 248
24 10000 2 0.3 0.4 249
24 10000 2 0.3 0.4 250
24 10000 2 0.3 0.4 251
24 10000 2 0.3 0.4 252
24 10000 2 0.3 0.4 253
24 10000 2 0.3 0.4 254
24 10000 2 0.3 0.4 255
24 10000 2 0.3 0.4 256
24 10000 2 0.3 0.4 257
24 10000 2 0.3 0.4 258
24 10000 2 0.3 0.4 259
24 10000 2 0.3 0.4 260
24 10000 2 0.3 0.4 261
24 10000 2 0.3 0.4 262
24 10000 2 0.3 0.4 263
24 10000 2 0.3 0.4 264
24 10000 2 0.3 0.4 265
24 10000 2 0.3 0.4 266
24 10000 2 0.3 0.4 267
24 10000 2 0.3 0.4 268
24 10000 2 0.3 0.4 269
24 10000 2 0.3 0.4 270
24 10000 2 0.3 0.4 271
24 10000 2 0.3 0.4 272
24 10000 2 0.3 0.4 273
24 10000 2 0.3 0.4 274
24 10000 2 0.3 0.4 275
24 10000 2 0.3 0.4 276
24 10000 2 0.3 0.4 277
24 10000 2 0.3 0.4 278
24 10000 2 0.3 0.4 279
24 10000 2 0.3 0.4 280
24 10000 2 0.3 0.4 281
24 10000 2 0.3 0.4 282
24 10000 2 0.3 0.4 283
24 10000 2 0.3 0.4 284
24 10000 2 0.3 0.4 285
24 10000 2 0.3 0.4 286
24 10000 2 0.3 0.4 287
24 10000 2 0.3 0.4 288
24 10000 2 0.3 0.4 289
24 10000 2 0.3 0.4 290
24 10000 2 0.3 0.4 291
24 10000 2 0.3 0.4 292
24 10000 2 0.3 0.4 293
24 10000 2 0.3 0.4 294
24 10000 2 0.3 0.4 295
24 10000 2 0.3 0.4 296
24 10000 2 0.3 0.4 297
24 10000 2 0.3 0.4 298
24 10000 2 0.3 0.4 299
24 10000 2 0.3 0.4 300
24 10000 2 0.3 0.4 301
24 10000 2 0.3 0.4 302
24 10000 2 0.3 0.4 303
24 10000 2 0.3 0.4 304
24 10000 2 0.3 0.4 305
24 10000 2 0.3 0.4 306
24 10000 2 0.3 0.4 307
24 10000 2 0.3 0.4 308
24 10000 2 0.3 0.4 309
24 10000 2 0.3 0.4 310
24 10000 2 0.3 0.4 311
24 10000 2 0.3 0.4 312
24 10000 2 0.3 0.4 313
24 10000 2 0.3 0.4 314
24 10000 2 0.3 0.4 315
24 10000 2 0.3 0.4 316
24 10000 2 0.3 0.4 317
24 10000 2 0.3 0.4 318
24 10000 2 0.3 0.4 319
24 10000 2 0.3 0.4 320
24 10000 2 0.3 0.4 321
24 10000 2 0.3 0.4 322
24 10000 2 0.3 0.4 323
24 10000 2 0.3 0.4 324
24 10000 2 0.3 0.4 325
24 10000 2 0.3 0.4 326
24 10000 2 0.3 0.4 327
24 10000 2 0.3 0.4 328
24 10000 2 0.3 0.4 329
24 10000 2 0.3 0.4 330
24 10000 2 0.3 0.4 331
24 10000 2 0.3 0.4 332
24 10000 2 0.3 0.4 333
24 10000 2 0.3 0.4 334
24 10000 2 0.3 0.4 335
24 10000 2 0.3 0.4 336
24 10000 2 0.3 0.4 337
24 10000 2 0.3 0.4 338
24 10000 2 0.3 0.4 339
24 10000 2 0.3 0.4 340
24 10000 2 0.3 0.4 341
24 10000 2 0.3 0.4 342
24 10000 2 0.3 0.4 343
24 10000 2 0.3 0.4 344
24 10000 2 0.3 0.4 345
24 10000 2 0.3 0.4 346
24 10000 2 0.3 0.4 347
24 10000 2 0.3 0.4 348
24 10000 2 0.3 0.4 349
24 10000 2 0.3 0.4 350
24 10000 2 0.3 0.4 351
24 10000 2 0.3 0.4 352
24 10000 2 0.3 0.4 353
24 10000 2 0.3 0.4 354
24 10000 2 0.3 0.4 355
24 10000 2 0.3 0.4 356
24 10000 2 0.3 0.4 357
24 10000 2 0.3 0.4 358
24 10000 2 0.3 0.4 359
24 10000 2 0.3 0.4 360
24 10000 2 0.3 0.4 361
24 10000 2 0.3 0.4 362
24 10000 2 0.3 0.4 363
24 10000 2 0.3 0.4 364
24 10000 2 0.3 0.4 365
24 10000 2 0.3 0.4 366
24 10000 2 0.3 0.4 367
24 10000 2 0.3 0.4 368
24 10000 2 0.3 0.4 369
24 10000 2 0.3 0.4 370
24 10000 2 0.3 0.4 371
24 10000 2 0.3 0.4 372
24 10000 2 0.3 0.4 373
24 10000 2 0.3 0.4 374
24 10000 2 0.3 0.4 375
24 10000 2 0.3 0.4 376
24 10000 2 0.3 0.4 377
24 10000 2 0.3 0.4 378
24 10000 2 0.3 0.4 379
24 10000 2 0.3 0.4 380
24 10000 2 0.3 0.4 381
24 10000 2 0.3 0.4 382
24 10000 2 0.3 0.4 383
24 10000 2 0.3 0.4 384
24 10000 2 0.3 0.4 385
24 10000 2 0.3 0.4 386
24 10000 2 0.3 0.4 387
24 10000 2 0.3 0.4 388
24 10000 2 0.3 0.4 389
24 10000 2 0.3 0.4 390
24 10000 2 0.3 0.4 391
24 10000 2 0.3 0.4 392
24 10000 2 0.3 0.4 393
24 10000 2 0.3 0.4 394
24 10000 2 0.3 0.4 395
24 10000 2 0.3 0.4 396
24 10000 2 0.3 0.4 397
24 10000 2 0.3 0.4 398
24 10000 2 0.3 0.4 399
24 10000 2 0.3 0.4 400
24 10000 2 0.3 0.4 401
24 10000 2 0.3 0.4 402
24 10000 2 0.3 0.4 403
24 10000 2 0.3 0.4 404
24 10000 2 0.3 0.4 405
24 10000 2 0.3 0.4 406
24 10000 2 0.3 0.4 407
24 10000 2 0.3 0.4 408
24 10000 2 0.3 0.4 409
24 10000 2 0.3 0.4 410
24 10000 2 0.3 0.4 411
24 10000 2 0.3 0.4 412
24 10000 2 0.3 0.4 413
24 10000 2 0.3 0.4 414
24 10000 2 0.3 0.4 415
24 10000 2 0.3 0.4 416
24 10000 2 0.3 0.4 417
24 10000 2 0.3 0.4 418
24 10000 2 0.3 0.4 419
24 10000 2 0.3 0.4 420
24 10000 2 0.3 0.4 421
24 10000 2 0.3 0.4 422
24 10000 2 0.3 0.4 423
24 10000 2 0.3 0.4 424
24 10000 2 0.3 0.4 425
24 10000 2 0.3 0.4 426
24 10000 2 0.3 0.4 427
24 10000 2 0.3 0.4 428
24 10000 2 0.3 0.4 429
24 10000 2 0.3 0.4 430
24 10000 2 0.3 0.4 431
24 10000 2 0.3 0.4 432
24 10000 2 0.3 0.4 433
24 10000 2 0.3 0.4 434
24 10000 2 0.3 0.4 435
24 10000 2 0.3 0.4 436
24 10000 2 0.3 0.4 437
24 10000 2 0.3 0.4 438
24 10000 2 0.3 0.4 439
24 10000 2 0.3 0.4 440
24 10000 2 0.3 0.4 441
24 10000 2 0.3 0.4 442
24 10000 2 0.3 0.4 443
24 10000 2 0.3 0.4 444
24 10000 2 0.3 0.4 445
24 10000 2 0.3 0.4 446
24 10000 2 0.3 0.4 447
24 10000 2 0.3 0.4 448
24 10000 2 0.3 0.4 449
24 10000 2 0.3 0.4 450
24 10000 2 0.3 0.4 451
24 10000 2 0.3 0.4 452
24 10000 2 0.3 0.4 453
24 10000 2 0.3 0.4 454
24 10000 2 0.3 0.4 455
24 10000 2 0.3 0.4 456
24 10000 2 0.3 0.4 457
24 10000 2 0.3 0.4 458
24 10000 2 0.3 0.4 459
24 10000 2 0.3 0.4 460
24 10000 2 0.3 0.4 461
24 10000 2 0.3 0.4 462
24 10000 2 0.3 0.4 463
24 10000 2 0.3 0.4 464
24 10000 2 0.3 0.4 465
24 10000 2 0.3 0.4 466
24 10000 2 0.3 0.4 467
24 10000 2 0.3 0.4 468
24 10000 2 0.3 0.4 469
24 10000 2 0.3 0.4 470
24 10000 2 0.3 0.4 471
24 10000 2 0.3 0.4 472
24 10000 2 0.3 0.4 473
24 10000 2 0.3 0.4 474
24 10000 2 0.3 0.4 475
24 10000 2 0.3 0.4 476
24 10000 2 0.3 0.4 477
24 10000 2 0.3 0.4 478
24 10000 2 0.3 0.4 479
24 10000 2 0.3 0.4 480
24 10000 2 0.3 0.4 481
24 10000 2 0.3 0.4 482
24 10000 2 0.3 0.4 483
24 10000 2 0.3 0.4 484
24 10000 2 0.3 0.4 485
24 10000 2 0.3 0.4 486
24 10000 2 0.3 0.4 487
24 10000 2 0.3 0.4 488
24 10000 2 0.3 0.4 489
24 10000 2 0.3 0.4 490
24 10000 2 0.3 0.4 491
24 10000 2 0.3 0.4 492
24 10000 2 0.3 0.4 493
24 10000 2 0.3 0.4 494
24 10000 2 0.3 0.4 495
24 10000 2 0.3 0.4 496
24 10000 2 0.3 0.4 497
24 10000 2 0.3 0.4 498
24 10000 2 0.3 0.4 499
24 10000 2 0.3 0.4 500
24 10000 2 0.3 0.6 1
24 10000 2 0.3 0.6 2
24 10000 2 0.3 0.6 3
24 10000 2 0.3 0.6 4
24 10000 2 0.3 0.6 5
24 10000 2 0.3 0.6 6
24 10000 2 0.3 0.6 7
24 10000 2 0.3 0.6 8
24 10000 2 0.3 0.6 9
24 10000 2 0.3 0.6 10
24 10000 2 0.3 0.6 11
24 10000 2 0.3 0.6 12
24 10000 2 0.3 0.6 13
24 10000 2 0.3 0.6 14
24 10000 2 0.3 0.6 15
24 10000 2 0.3 0.6 16
24 10000 2 0.3 0.6 17
24 10000 2 0.3 0.6 18
24 10000 2 0.3 0.6 19
24 10000 2 0.3 0.6 20
24 10000 2 0.3 0.6 21
24 10000 2 0.3 0.6 22
24 10000 2 0.3 0.6 23
24 10000 2 0.3 0.6 24
24 10000 2 0.3 0.6 25
24 10000 2 0.3 0.6 26
24 10000 2 0.3 0.6 27
24 10000 2 0.3 0.6 28
24 10000 2 0.3 0.6 29
24 10000 2 0.3 0.6 30
24 10000 2 0.3 0.6 31
24 10000 2 0.3 0.6 32
24 10000 2 0.3 0.6 33
24 10000 2 0.3 0.6 34
24 10000 2 0.3 0.6 35
24 10000 2 0.3 0.6 36
24 10000 2 0.3 0.6 37
24 10000 2 0.3 0.6 38
24 10000 2 0.3 0.6 39
24 10000 2 0.3 0.6 40
24 10000 2 0.3 0.6 41
24 10000 2 0.3 0.6 42
24 10000 2 0.3 0.6 43
24 10000 2 0.3 0.6 44
24 10000 2 0.3 0.6 45
24 10000 2 0.3 0.6 46
24 10000 2 0.3 0.6 47
24 10000 2 0.3 0.6 48
24 10000 2 0.3 0.6 49
24 10000 2 0.3 0.6 50
24 10000 2 0.3 0.6 51
24 10000 2 0.3 0.6 52
24 10000 2 0.3 0.6 53
24 10000 2 0.3 0.6 54
24 10000 2 0.3 0.6 55
24 10000 2 0.3 0.6 56
24 10000 2 0.3 0.6 57
24 10000 2 0.3 0.6 58
24 10000 2 0.3 0.6 59
24 10000 2 0.3 0.6 60
24 10000 2 0.3 0.6 61
24 10000 2 0.3 0.6 62
24 10000 2 0.3 0.6 63
24 10000 2 0.3 0.6 64
24 10000 2 0.3 0.6 65
24 10000 2 0.3 0.6 66
24 10000 2 0.3 0.6 67
24 10000 2 0.3 0.6 68
24 10000 2 0.3 0.6 69
24 10000 2 0.3 0.6 70
24 10000 2 0.3 0.6 71
24 10000 2 0.3 0.6 72
24 10000 2 0.3 0.6 73
24 10000 2 0.3 0.6 74
24 10000 2 0.3 0.6 75
24 10000 2 0.3 0.6 76
24 10000 2 0.3 0.6 77
24 10000 2 0.3 0.6 78
24 10000 2 0.3 0.6 79
24 10000 2 0.3 0.6 80
24 10000 2 0.3 0.6 81
24 10000 2 0.3 0.6 82
24 10000 2 0.3 0.6 83
24 10000 2 0.3 0.6 84
24 10000 2 0.3 0.6 85
24 10000 2 0.3 0.6 86
24 10000 2 0.3 0.6 87
24 10000 2 0.3 0.6 88
24 10000 2 0.3 0.6 89
24 10000 2 0.3 0.6 90
24 10000 2 0.3 0.6 91
24 10000 2 0.3 0.6 92
24 10000 2 0.3 0.6 93
24 10000 2 0.3 0.6 94
24 10000 2 0.3 0.6 95
24 10000 2 0.3 0.6 96
24 10000 2 0.3 0.6 97
24 10000 2 0.3 0.6 98
24 10000 2 0.3 0.6 99
24 10000 2 0.3 0.6 100
24 10000 2 0.3 0.6 101
24 10000 2 0.3 0.6 102
24 10000 2 0.3 0.6 103
24 10000 2 0.3 0.6 104
24 10000 2 0.3 0.6 105
24 10000 2 0.3 0.6 106
24 10000 2 0.3 0.6 107
24 10000 2 0.3 0.6 108
24 10000 2 0.3 0.6 109
24 10000 2 0.3 0.6 110
24 10000 2 0.3 0.6 111
24 10000 2 0.3 0.6 112
24 10000 2 0.3 0.6 113
24 10000 2 0.3 0.6 114
24 10000 2 0.3 0.6 115
24 10000 2 0.3 0.6 116
24 10000 2 0.3 0.6 117
24 10000 2 0.3 0.6 118
24 10000 2 0.3 0.6 119
24 10000 2 0.3 0.6 120
24 10000 2 0.3 0.6 121
24 10000 2 0.3 0.6 122
24 10000 2 0.3 0.6 123
24 10000 2 0.3 0.6 124
24 10000 2 0.3 0.6 125
24 10000 2 0.3 0.6 126
24 10000 2 0.3 0.6 127
24 10000 2 0.3 0.6 128
24 10000 2 0.3 0.6 129
24 10000 2 0.3 0.6 130
24 10000 2 0.3 0.6 131
24 10000 2 0.3 0.6 132
24 10000 2 0.3 0.6 133
24 10000 2 0.3 0.6 134
24 10000 2 0.3 0.6 135
24 10000 2 0.3 0.6 136
24 10000 2 0.3 0.6 137
24 10000 2 0.3 0.6 138
24 10000 2 0.3 0.6 139
24 10000 2 0.3 0.6 140
24 10000 2 0.3 0.6 141
24 10000 2 0.3 0.6 142
24 10000 2 0.3 0.6 143
24 10000 2 0.3 0.6 144
24 10000 2 0.3 0.6 145
24 10000 2 0.3 0.6 146
24 10000 2 0.3 0.6 147
24 10000 2 0.3 0.6 148
24 10000 2 0.3 0.6 149
24 10000 2 0.3 0.6 150
24 10000 2 0.3 0.6 151
24 10000 2 0.3 0.6 152
24 10000 2 0.3 0.6 153
24 10000 2 0.3 0.6 154
24 10000 2 0.3 0.6 155
24 10000 2 0.3 0.6 156
24 10000 2 0.3 0.6 157
24 10000 2 0.3 0.6 158
24 10000 2 0.3 0.6 159
24 10000 2 0.3 0.6 160
24 10000 2 0.3 0.6 161
24 10000 2 0.3 0.6 162
24 10000 2 0.3 0.6 163
24 10000 2 0.3 0.6 164
24 10000 2 0.3 0.6 165
24 10000 2 0.3 0.6 166
24 10000 2 0.3 0.6 167
24 10000 2 0.3 0.6 168
24 10000 2 0.3 0.6 169
24 10000 2 0.3 0.6 170
24 10000 2 0.3 0.6 171
24 10000 2 0.3 0.6 172
24 10000 2 0.3 0.6 173
24 10000 2 0.3 0.6 174
24 10000 2 0.3 0.6 175
24 10000 2 0.3 0.6 176
24 10000 2 0.3 0.6 177
24 10000 2 0.3 0.6 178
24 10000 2 0.3 0.6 179
24 10000 2 0.3 0.6 180
24 10000 2 0.3 0.6 181
24 10000 2 0.3 0.6 182
24 10000 2 0.3 0.6 183
24 10000 2 0.3 0.6 184
24 10000 2 0.3 0.6 185
24 10000 2 0.3 0.6 186
24 10000 2 0.3 0.6 187
24 10000 2 0.3 0.6 188
24 10000 2 0.3 0.6 189
24 10000 2 0.3 0.6 190
24 10000 2 0.3 0.6 191
24 10000 2 0.3 0.6 192
24 10000 2 0.3 0.6 193
24 10000 2 0.3 0.6 194
24 10000 2 0.3 0.6 195
24 10000 2 0.3 0.6 196
24 10000 2 0.3 0.6 197
24 10000 2 0.3 0.6 198
24 10000 2 0.3 0.6 199
24 10000 2 0.3 0.6 200
24 10000 2 0.3 0.6 201
24 10000 2 0.3 0.6 202
24 10000 2 0.3 0.6 203
24 10000 2 0.3 0.6 204
24 10000 2 0.3 0.6 205
24 10000 2 0.3 0.6 206
24 10000 2 0.3 0.6 207
24 10000 2 0.3 0.6 208
24 10000 2 0.3 0.6 209
24 10000 2 0.3 0.6 210
24 10000 2 0.3 0.6 211
24 10000 2 0.3 0.6 212
24 10000 2 0.3 0.6 213
24 10000 2 0.3 0.6 214
24 10000 2 0.3 0.6 215
24 10000 2 0.3 0.6 216
24 10000 2 0.3 0.6 217
24 10000 2 0.3 0.6 218
24 10000 2 0.3 0.6 219
24 10000 2 0.3 0.6 220
24 10000 2 0.3 0.6 221
24 10000 2 0.3 0.6 222
24 10000 2 0.3 0.6 223
24 10000 2 0.3 0.6 224
24 10000 2 0.3 0.6 225
24 10000 2 0.3 0.6 226
24 10000 2 0.3 0.6 227
24 10000 2 0.3 0.6 228
24 10000 2 0.3 0.6 229
24 10000 2 0.3 0.6 230
24 10000 2 0.3 0.6 231
24 10000 2 0.3 0.6 232
24 10000 2 0.3 0.6 233
24 10000 2 0.3 0.6 234
24 10000 2 0.3 0.6 235
24 10000 2 0.3 0.6 236
24 10000 2 0.3 0.6 237
24 10000 2 0.3 0.6 238
24 10000 2 0.3 0.6 239
24 10000 2 0.3 0.6 240
24 10000 2 0.3 0.6 241
24 10000 2 0.3 0.6 242
24 10000 2 0.3 0.6 243
24 10000 2 0.3 0.6 244
24 10000 2 0.3 0.6 245
24 10000 2 0.3 0.6 246
24 10000 2 0.3 0.6 247
24 10000 2 0.3 0.6 248
24 10000 2 0.3 0.6 249
24 10000 2 0.3 0.6 250
24 10000 2 0.3 0.6 251
24 10000 2 0.3 0.6 252
24 10000 2 0.3 0.6 253
24 10000 2 0.3 0.6 254
24 10000 2 0.3 0.6 255
24 10000 2 0.3 0.6 256
24 10000 2 0.3 0.6 257
24 10000 2 0.3 0.6 258
24 10000 2 0.3 0.6 259
24 10000 2 0.3 0.6 260
24 10000 2 0.3 0.6 261
24 10000 2 0.3 0.6 262
24 10000 2 0.3 0.6 263
24 10000 2 0.3 0.6 264
24 10000 2 0.3 0.6 265
24 10000 2 0.3 0.6 266
24 10000 2 0.3 0.6 267
24 10000 2 0.3 0.6 268
24 10000 2 0.3 0.6 269
24 10000 2 0.3 0.6 270
24 10000 2 0.3 0.6 271
24 10000 2 0.3 0.6 272
24 10000 2 0.3 0.6 273
24 10000 2 0.3 0.6 274
24 10000 2 0.3 0.6 275
24 10000 2 0.3 0.6 276
24 10000 2 0.3 0.6 277
24 10000 2 0.3 0.6 278
24 10000 2 0.3 0.6 279
24 10000 2 0.3 0.6 280
24 10000 2 0.3 0.6 281
24 10000 2 0.3 0.6 282
24 10000 2 0.3 0.6 283
24 10000 2 0.3 0.6 284
24 10000 2 0.3 0.6 285
24 10000 2 0.3 0.6 286
24 10000 2 0.3 0.6 287
24 10000 2 0.3 0.6 288
24 10000 2 0.3 0.6 289
24 10000 2 0.3 0.6 290
24 10000 2 0.3 0.6 291
24 10000 2 0.3 0.6 292
24 10000 2 0.3 0.6 293
24 10000 2 0.3 0.6 294
24 10000 2 0.3 0.6 295
24 10000 2 0.3 0.6 296
24 10000 2 0.3 0.6 297
24 10000 2 0.3 0.6 298
24 10000 2 0.3 0.6 299
24 10000 2 0.3 0.6 300
24 10000 2 0.3 0.6 301
24 10000 2 0.3 0.6 302
24 10000 2 0.3 0.6 303
24 10000 2 0.3 0.6 304
24 10000 2 0.3 0.6 305
24 10000 2 0.3 0.6 306
24 10000 2 0.3 0.6 307
24 10000 2 0.3 0.6 308
24 10000 2 0.3 0.6 309
24 10000 2 0.3 0.6 310
24 10000 2 0.3 0.6 311
24 10000 2 0.3 0.6 312
24 10000 2 0.3 0.6 313
24 10000 2 0.3 0.6 314
24 10000 2 0.3 0.6 315
24 10000 2 0.3 0.6 316
24 10000 2 0.3 0.6 317
24 10000 2 0.3 0.6 318
24 10000 2 0.3 0.6 319
24 10000 2 0.3 0.6 320
24 10000 2 0.3 0.6 321
24 10000 2 0.3 0.6 322
24 10000 2 0.3 0.6 323
24 10000 2 0.3 0.6 324
24 10000 2 0.3 0.6 325
24 10000 2 0.3 0.6 326
24 10000 2 0.3 0.6 327
24 10000 2 0.3 0.6 328
24 10000 2 0.3 0.6 329
24 10000 2 0.3 0.6 330
24 10000 2 0.3 0.6 331
24 10000 2 0.3 0.6 332
24 10000 2 0.3 0.6 333
24 10000 2 0.3 0.6 334
24 10000 2 0.3 0.6 335
24 10000 2 0.3 0.6 336
24 10000 2 0.3 0.6 337
24 10000 2 0.3 0.6 338
24 10000 2 0.3 0.6 339
24 10000 2 0.3 0.6 340
24 10000 2 0.3 0.6 341
24 10000 2 0.3 0.6 342
24 10000 2 0.3 0.6 343
24 10000 2 0.3 0.6 344
24 10000 2 0.3 0.6 345
24 10000 2 0.3 0.6 346
24 10000 2 0.3 0.6 347
24 10000 2 0.3 0.6 348
24 10000 2 0.3 0.6 349
24 10000 2 0.3 0.6 350
24 10000 2 0.3 0.6 351
24 10000 2 0.3 0.6 352
24 10000 2 0.3 0.6 353
24 10000 2 0.3 0.6 354
24 10000 2 0.3 0.6 355
24 10000 2 0.3 0.6 356
24 10000 2 0.3 0.6 357
24 10000 2 0.3 0.6 358
24 10000 2 0.3 0.6 359
24 10000 2 0.3 0.6 360
24 10000 2 0.3 0.6 361
24 10000 2 0.3 0.6 362
24 10000 2 0.3 0.6 363
24 10000 2 0.3 0.6 364
24 10000 2 0.3 0.6 365
24 10000 2 0.3 0.6 366
24 10000 2 0.3 0.6 367
24 10000 2 0.3 0.6 368
24 10000 2 0.3 0.6 369
24 10000 2 0.3 0.6 370
24 10000 2 0.3 0.6 371
24 10000 2 0.3 0.6 372
24 10000 2 0.3 0.6 373
24 10000 2 0.3 0.6 374
24 10000 2 0.3 0.6 375
24 10000 2 0.3 0.6 376
24 10000 2 0.3 0.6 377
24 10000 2 0.3 0.6 378
24 10000 2 0.3 0.6 379
24 10000 2 0.3 0.6 380
24 10000 2 0.3 0.6 381
24 10000 2 0.3 0.6 382
24 10000 2 0.3 0.6 383
24 10000 2 0.3 0.6 384
24 10000 2 0.3 0.6 385
24 10000 2 0.3 0.6 386
24 10000 2 0.3 0.6 387
24 10000 2 0.3 0.6 388
24 10000 2 0.3 0.6 389
24 10000 2 0.3 0.6 390
24 10000 2 0.3 0.6 391
24 10000 2 0.3 0.6 392
24 10000 2 0.3 0.6 393
24 10000 2 0.3 0.6 394
24 10000 2 0.3 0.6 395
24 10000 2 0.3 0.6 396
24 10000 2 0.3 0.6 397
24 10000 2 0.3 0.6 398
24 10000 2 0.3 0.6 399
24 10000 2 0.3 0.6 400
24 10000 2 0.3 0.6 401
24 10000 2 0.3 0.6 402
24 10000 2 0.3 0.6 403
24 10000 2 0.3 0.6 404
24 10000 2 0.3 0.6 405
24 10000 2 0.3 0.6 406
24 10000 2 0.3 0.6 407
24 10000 2 0.3 0.6 408
24 10000 2 0.3 0.6 409
24 10000 2 0.3 0.6 410
24 10000 2 0.3 0.6 411
24 10000 2 0.3 0.6 412
24 10000 2 0.3 0.6 413
24 10000 2 0.3 0.6 414
24 10000 2 0.3 0.6 415
24 10000 2 0.3 0.6 416
24 10000 2 0.3 0.6 417
24 10000 2 0.3 0.6 418
24 10000 2 0.3 0.6 419
24 10000 2 0.3 0.6 420
24 10000 2 0.3 0.6 421
24 10000 2 0.3 0.6 422
24 10000 2 0.3 0.6 423
24 10000 2 0.3 0.6 424
24 10000 2 0.3 0.6 425
24 10000 2 0.3 0.6 426
24 10000 2 0.3 0.6 427
24 10000 2 0.3 0.6 428
24 10000 2 0.3 0.6 429
24 10000 2 0.3 0.6 430
24 10000 2 0.3 0.6 431
24 10000 2 0.3 0.6 432
24 10000 2 0.3 0.6 433
24 10000 2 0.3 0.6 434
24 10000 2 0.3 0.6 435
24 10000 2 0.3 0.6 436
24 10000 2 0.3 0.6 437
24 10000 2 0.3 0.6 438
24 10000 2 0.3 0.6 439
24 10000 2 0.3 0.6 440
24 10000 2 0.3 0.6 441
24 10000 2 0.3 0.6 442
24 10000 2 0.3 0.6 443
24 10000 2 0.3 0.6 444
24 10000 2 0.3 0.6 445
24 10000 2 0.3 0.6 446
24 10000 2 0.3 0.6 447
24 10000 2 0.3 0.6 448
24 10000 2 0.3 0.6 449
24 10000 2 0.3 0.6 450
24 10000 2 0.3 0.6 451
24 10000 2 0.3 0.6 452
24 10000 2 0.3 0.6 453
24 10000 2 0.3 0.6 454
24 10000 2 0.3 0.6 455
24 10000 2 0.3 0.6 456
24 10000 2 0.3 0.6 457
24 10000 2 0.3 0.6 458
24 10000 2 0.3 0.6 459
24 10000 2 0.3 0.6 460
24 10000 2 0.3 0.6 461
24 10000 2 0.3 0.6 462
24 10000 2 0.3 0.6 463
24 10000 2 0.3 0.6 464
24 10000 2 0.3 0.6 465
24 10000 2 0.3 0.6 466
24 10000 2 0.3 0.6 467
24 10000 2 0.3 0.6 468
24 10000 2 0.3 0.6 469
24 10000 2 0.3 0.6 470
24 10000 2 0.3 0.6 471
24 10000 2 0.3 0.6 472
24 10000 2 0.3 0.6 473
24 10000 2 0.3 0.6 474
24 10000 2 0.3 0.6 475
24 10000 2 0.3 0.6 476
24 10000 2 0.3 0.6 477
24 10000 2 0.3 0.6 478
24 10000 2 0.3 0.6 479
24 10000 2 0.3 0.6 480
24 10000 2 0.3 0.6 481
24 10000 2 0.3 0.6 482
24 10000 2 0.3 0.6 483
24 10000 2 0.3 0.6 484
24 10000 2 0.3 0.6 485
24 10000 2 0.3 0.6 486
24 10000 2 0.3 0.6 487
24 10000 2 0.3 0.6 488
24 10000 2 0.3 0.6 489
24 10000 2 0.3 0.6 490
24 10000 2 0.3 0.6 491
24 10000 2 0.3 0.6 492
24 10000 2 0.3 0.6 493
24 10000 2 0.3 0.6 494
24 10000 2 0.3 0.6 495
24 10000 2 0.3 0.6 496
24 10000 2 0.3 0.6 497
24 10000 2 0.3 0.6 498
24 10000 2 0.3 0.6 499
24 10000 2 0.3 0.6 500
24 10000 2 0.3 0.8 1
24 10000 2 0.3 0.8 2
24 10000 2 0.3 0.8 3
24 10000 2 0.3 0.8 4
24 10000 2 0.3 0.8 5
24 10000 2 0.3 0.8 6
24 10000 2 0.3 0.8 7
24 10000 2 0.3 0.8 8
24 10000 2 0.3 0.8 9
24 10000 2 0.3 0.8 10
24 10000 2 0.3 0.8 11
24 10000 2 0.3 0.8 12
24 10000 2 0.3 0.8 13
24 10000 2 0.3 0.8 14
24 10000 2 0.3 0.8 15
24 10000 2 0.3 0.8 16
24 10000 2 0.3 0.8 17
24 10000 2 0.3 0.8 18
24 10000 2 0.3 0.8 19
24 10000 2 0.3 0.8 20
24 10000 2 0.3 0.8 21
24 10000 2 0.3 0.8 22
24 10000 2 0.3 0.8 23
24 10000 2 0.3 0.8 24
24 10000 2 0.3 0.8 25
24 10000 2 0.3 0.8 26
24 10000 2 0.3 0.8 27
24 10000 2 0.3 0.8 28
24 10000 2 0.3 0.8 29
24 10000 2 0.3 0.8 30
24 10000 2 0.3 0.8 31
24 10000 2 0.3 0.8 32
24 10000 2 0.3 0.8 33
24 10000 2 0.3 0.8 34
24 10000 2 0.3 0.8 35
24 10000 2 0.3 0.8 36
24 10000 2 0.3 0.8 37
24 10000 2 0.3 0.8 38
24 10000 2 0.3 0.8 39
24 10000 2 0.3 0.8 40
24 10000 2 0.3 0.8 41
24 10000 2 0.3 0.8 42
24 10000 2 0.3 0.8 43
24 10000 2 0.3 0.8 44
24 10000 2 0.3 0.8 45
24 10000 2 0.3 0.8 46
24 10000 2 0.3 0.8 47
24 10000 2 0.3 0.8 48
24 10000 2 0.3 0.8 49
24 10000 2 0.3 0.8 50
24 10000 2 0.3 0.8 51
24 10000 2 0.3 0.8 52
24 10000 2 0.3 0.8 53
24 10000 2 0.3 0.8 54
24 10000 2 0.3 0.8 55
24 10000 2 0.3 0.8 56
24 10000 2 0.3 0.8 57
24 10000 2 0.3 0.8 58
24 10000 2 0.3 0.8 59
24 10000 2 0.3 0.8 60
24 10000 2 0.3 0.8 61
24 10000 2 0.3 0.8 62
24 10000 2 0.3 0.8 63
24 10000 2 0.3 0.8 64
24 10000 2 0.3 0.8 65
24 10000 2 0.3 0.8 66
24 10000 2 0.3 0.8 67
24 10000 2 0.3 0.8 68
24 10000 2 0.3 0.8 69
24 10000 2 0.3 0.8 70
24 10000 2 0.3 0.8 71
24 10000 2 0.3 0.8 72
24 10000 2 0.3 0.8 73
24 10000 2 0.3 0.8 74
24 10000 2 0.3 0.8 75
24 10000 2 0.3 0.8 76
24 10000 2 0.3 0.8 77
24 10000 2 0.3 0.8 78
24 10000 2 0.3 0.8 79
24 10000 2 0.3 0.8 80
24 10000 2 0.3 0.8 81
24 10000 2 0.3 0.8 82
24 10000 2 0.3 0.8 83
24 10000 2 0.3 0.8 84
24 10000 2 0.3 0.8 85
24 10000 2 0.3 0.8 86
24 10000 2 0.3 0.8 87
24 10000 2 0.3 0.8 88
24 10000 2 0.3 0.8 89
24 10000 2 0.3 0.8 90
24 10000 2 0.3 0.8 91
24 10000 2 0.3 0.8 92
24 10000 2 0.3 0.8 93
24 10000 2 0.3 0.8 94
24 10000 2 0.3 0.8 95
24 10000 2 0.3 0.8 96
24 10000 2 0.3 0.8 97
24 10000 2 0.3 0.8 98
24 10000 2 0.3 0.8 99
24 10000 2 0.3 0.8 100
24 10000 2 0.3 0.8 101
24 10000 2 0.3 0.8 102
24 10000 2 0.3 0.8 103
24 10000 2 0.3 0.8 104
24 10000 2 0.3 0.8 105
24 10000 2 0.3 0.8 106
24 10000 2 0.3 0.8 107
24 10000 2 0.3 0.8 108
24 10000 2 0.3 0.8 109
24 10000 2 0.3 0.8 110
24 10000 2 0.3 0.8 111
24 10000 2 0.3 0.8 112
24 10000 2 0.3 0.8 113
24 10000 2 0.3 0.8 114
24 10000 2 0.3 0.8 115
24 10000 2 0.3 0.8 116
24 10000 2 0.3 0.8 117
24 10000 2 0.3 0.8 118
24 10000 2 0.3 0.8 119
24 10000 2 0.3 0.8 120
24 10000 2 0.3 0.8 121
24 10000 2 0.3 0.8 122
24 10000 2 0.3 0.8 123
24 10000 2 0.3 0.8 124
24 10000 2 0.3 0.8 125
24 10000 2 0.3 0.8 126
24 10000 2 0.3 0.8 127
24 10000 2 0.3 0.8 128
24 10000 2 0.3 0.8 129
24 10000 2 0.3 0.8 130
24 10000 2 0.3 0.8 131
24 10000 2 0.3 0.8 132
24 10000 2 0.3 0.8 133
24 10000 2 0.3 0.8 134
24 10000 2 0.3 0.8 135
24 10000 2 0.3 0.8 136
24 10000 2 0.3 0.8 137
24 10000 2 0.3 0.8 138
24 10000 2 0.3 0.8 139
24 10000 2 0.3 0.8 140
24 10000 2 0.3 0.8 141
24 10000 2 0.3 0.8 142
24 10000 2 0.3 0.8 143
24 10000 2 0.3 0.8 144
24 10000 2 0.3 0.8 145
24 10000 2 0.3 0.8 146
24 10000 2 0.3 0.8 147
24 10000 2 0.3 0.8 148
24 10000 2 0.3 0.8 149
24 10000 2 0.3 0.8 150
24 10000 2 0.3 0.8 151
24 10000 2 0.3 0.8 152
24 10000 2 0.3 0.8 153
24 10000 2 0.3 0.8 154
24 10000 2 0.3 0.8 155
24 10000 2 0.3 0.8 156
24 10000 2 0.3 0.8 157
24 10000 2 0.3 0.8 158
24 10000 2 0.3 0.8 159
24 10000 2 0.3 0.8 160
24 10000 2 0.3 0.8 161
24 10000 2 0.3 0.8 162
24 10000 2 0.3 0.8 163
24 10000 2 0.3 0.8 164
24 10000 2 0.3 0.8 165
24 10000 2 0.3 0.8 166
24 10000 2 0.3 0.8 167
24 10000 2 0.3 0.8 168
24 10000 2 0.3 0.8 169
24 10000 2 0.3 0.8 170
24 10000 2 0.3 0.8 171
24 10000 2 0.3 0.8 172
24 10000 2 0.3 0.8 173
24 10000 2 0.3 0.8 174
24 10000 2 0.3 0.8 175
24 10000 2 0.3 0.8 176
24 10000 2 0.3 0.8 177
24 10000 2 0.3 0.8 178
24 10000 2 0.3 0.8 179
24 10000 2 0.3 0.8 180
24 10000 2 0.3 0.8 181
24 10000 2 0.3 0.8 182
24 10000 2 0.3 0.8 183
24 10000 2 0.3 0.8 184
24 10000 2 0.3 0.8 185
24 10000 2 0.3 0.8 186
24 10000 2 0.3 0.8 187
24 10000 2 0.3 0.8 188
24 10000 2 0.3 0.8 189
24 10000 2 0.3 0.8 190
24 10000 2 0.3 0.8 191
24 10000 2 0.3 0.8 192
24 10000 2 0.3 0.8 193
24 10000 2 0.3 0.8 194
24 10000 2 0.3 0.8 195
24 10000 2 0.3 0.8 196
24 10000 2 0.3 0.8 197
24 10000 2 0.3 0.8 198
24 10000 2 0.3 0.8 199
24 10000 2 0.3 0.8 200
24 10000 2 0.3 0.8 201
24 10000 2 0.3 0.8 202
24 10000 2 0.3 0.8 203
24 10000 2 0.3 0.8 204
24 10000 2 0.3 0.8 205
24 10000 2 0.3 0.8 206
24 10000 2 0.3 0.8 207
24 10000 2 0.3 0.8 208
24 10000 2 0.3 0.8 209
24 10000 2 0.3 0.8 210
24 10000 2 0.3 0.8 211
24 10000 2 0.3 0.8 212
24 10000 2 0.3 0.8 213
24 10000 2 0.3 0.8 214
24 10000 2 0.3 0.8 215
24 10000 2 0.3 0.8 216
24 10000 2 0.3 0.8 217
24 10000 2 0.3 0.8 218
24 10000 2 0.3 0.8 219
24 10000 2 0.3 0.8 220
24 10000 2 0.3 0.8 221
24 10000 2 0.3 0.8 222
24 10000 2 0.3 0.8 223
24 10000 2 0.3 0.8 224
24 10000 2 0.3 0.8 225
24 10000 2 0.3 0.8 226
24 10000 2 0.3 0.8 227
24 10000 2 0.3 0.8 228
24 10000 2 0.3 0.8 229
24 10000 2 0.3 0.8 230
24 10000 2 0.3 0.8 231
24 10000 2 0.3 0.8 232
24 10000 2 0.3 0.8 233
24 10000 2 0.3 0.8 234
24 10000 2 0.3 0.8 235
24 10000 2 0.3 0.8 236
24 10000 2 0.3 0.8 237
24 10000 2 0.3 0.8 238
24 10000 2 0.3 0.8 239
24 10000 2 0.3 0.8 240
24 10000 2 0.3 0.8 241
24 10000 2 0.3 0.8 242
24 10000 2 0.3 0.8 243
24 10000 2 0.3 0.8 244
24 10000 2 0.3 0.8 245
24 10000 2 0.3 0.8 246
24 10000 2 0.3 0.8 247
24 10000 2 0.3 0.8 248
24 10000 2 0.3 0.8 249
24 10000 2 0.3 0.8 250
24 10000 2 0.3 0.8 251
24 10000 2 0.3 0.8 252
24 10000 2 0.3 0.8 253
24 10000 2 0.3 0.8 254
24 10000 2 0.3 0.8 255
24 10000 2 0.3 0.8 256
24 10000 2 0.3 0.8 257
24 10000 2 0.3 0.8 258
24 10000 2 0.3 0.8 259
24 10000 2 0.3 0.8 260
24 10000 2 0.3 0.8 261
24 10000 2 0.3 0.8 262
24 10000 2 0.3 0.8 263
24 10000 2 0.3 0.8 264
24 10000 2 0.3 0.8 265
24 10000 2 0.3 0.8 266
24 10000 2 0.3 0.8 267
24 10000 2 0.3 0.8 268
24 10000 2 0.3 0.8 269
24 10000 2 0.3 0.8 270
24 10000 2 0.3 0.8 271
24 10000 2 0.3 0.8 272
24 10000 2 0.3 0.8 273
24 10000 2 0.3 0.8 274
24 10000 2 0.3 0.8 275
24 10000 2 0.3 0.8 276
24 10000 2 0.3 0.8 277
24 10000 2 0.3 0.8 278
24 10000 2 0.3 0.8 279
24 10000 2 0.3 0.8 280
24 10000 2 0.3 0.8 281
24 10000 2 0.3 0.8 282
24 10000 2 0.3 0.8 283
24 10000 2 0.3 0.8 284
24 10000 2 0.3 0.8 285
24 10000 2 0.3 0.8 286
24 10000 2 0.3 0.8 287
24 10000 2 0.3 0.8 288
24 10000 2 0.3 0.8 289
24 10000 2 0.3 0.8 290
24 10000 2 0.3 0.8 291
24 10000 2 0.3 0.8 292
24 10000 2 0.3 0.8 293
24 10000 2 0.3 0.8 294
24 10000 2 0.3 0.8 295
24 10000 2 0.3 0.8 296
24 10000 2 0.3 0.8 297
24 10000 2 0.3 0.8 298
24 10000 2 0.3 0.8 299
24 10000 2 0.3 0.8 300
24 10000 2 0.3 0.8 301
24 10000 2 0.3 0.8 302
24 10000 2 0.3 0.8 303
24 10000 2 0.3 0.8 304
24 10000 2 0.3 0.8 305
24 10000 2 0.3 0.8 306
24 10000 2 0.3 0.8 307
24 10000 2 0.3 0.8 308
24 10000 2 0.3 0.8 309
24 10000 2 0.3 0.8 310
24 10000 2 0.3 0.8 311
24 10000 2 0.3 0.8 312
24 10000 2 0.3 0.8 313
24 10000 2 0.3 0.8 314
24 10000 2 0.3 0.8 315
24 10000 2 0.3 0.8 316
24 10000 2 0.3 0.8 317
24 10000 2 0.3 0.8 318
24 10000 2 0.3 0.8 319
24 10000 2 0.3 0.8 320
24 10000 2 0.3 0.8 321
24 10000 2 0.3 0.8 322
24 10000 2 0.3 0.8 323
24 10000 2 0.3 0.8 324
24 10000 2 0.3 0.8 325
24 10000 2 0.3 0.8 326
24 10000 2 0.3 0.8 327
24 10000 2 0.3 0.8 328
24 10000 2 0.3 0.8 329
24 10000 2 0.3 0.8 330
24 10000 2 0.3 0.8 331
24 10000 2 0.3 0.8 332
24 10000 2 0.3 0.8 333
24 10000 2 0.3 0.8 334
24 10000 2 0.3 0.8 335
24 10000 2 0.3 0.8 336
24 10000 2 0.3 0.8 337
24 10000 2 0.3 0.8 338
24 10000 2 0.3 0.8 339
24 10000 2 0.3 0.8 340
24 10000 2 0.3 0.8 341
24 10000 2 0.3 0.8 342
24 10000 2 0.3 0.8 343
24 10000 2 0.3 0.8 344
24 10000 2 0.3 0.8 345
24 10000 2 0.3 0.8 346
24 10000 2 0.3 0.8 347
24 10000 2 0.3 0.8 348
24 10000 2 0.3 0.8 349
24 10000 2 0.3 0.8 350
24 10000 2 0.3 0.8 351
24 10000 2 0.3 0.8 352
24 10000 2 0.3 0.8 353
24 10000 2 0.3 0.8 354
24 10000 2 0.3 0.8 355
24 10000 2 0.3 0.8 356
24 10000 2 0.3 0.8 357
24 10000 2 0.3 0.8 358
24 10000 2 0.3 0.8 359
24 10000 2 0.3 0.8 360
24 10000 2 0.3 0.8 361
24 10000 2 0.3 0.8 362
24 10000 2 0.3 0.8 363
24 10000 2 0.3 0.8 364
24 10000 2 0.3 0.8 365
24 10000 2 0.3 0.8 366
24 10000 2 0.3 0.8 367
24 10000 2 0.3 0.8 368
24 10000 2 0.3 0.8 369
24 10000 2 0.3 0.8 370
24 10000 2 0.3 0.8 371
24 10000 2 0.3 0.8 372
24 10000 2 0.3 0.8 373
24 10000 2 0.3 0.8 374
24 10000 2 0.3 0.8 375
24 10000 2 0.3 0.8 376
24 10000 2 0.3 0.8 377
24 10000 2 0.3 0.8 378
24 10000 2 0.3 0.8 379
24 10000 2 0.3 0.8 380
24 10000 2 0.3 0.8 381
24 10000 2 0.3 0.8 382
24 10000 2 0.3 0.8 383
24 10000 2 0.3 0.8 384
24 10000 2 0.3 0.8 385
24 10000 2 0.3 0.8 386
24 10000 2 0.3 0.8 387
24 10000 2 0.3 0.8 388
24 10000 2 0.3 0.8 389
24 10000 2 0.3 0.8 390
24 10000 2 0.3 0.8 391
24 10000 2 0.3 0.8 392
24 10000 2 0.3 0.8 393
24 10000 2 0.3 0.8 394
24 10000 2 0.3 0.8 395
24 10000 2 0.3 0.8 396
24 10000 2 0.3 0.8 397
24 10000 2 0.3 0.8 398
24 10000 2 0.3 0.8 399
24 10000 2 0.3 0.8 400
24 10000 2 0.3 0.8 401
24 10000 2 0.3 0.8 402
24 10000 2 0.3 0.8 403
24 10000 2 0.3 0.8 404
24 10000 2 0.3 0.8 405
24 10000 2 0.3 0.8 406
24 10000 2 0.3 0.8 407
24 10000 2 0.3 0.8 408
24 10000 2 0.3 0.8 409
24 10000 2 0.3 0.8 410
24 10000 2 0.3 0.8 411
24 10000 2 0.3 0.8 412
24 10000 2 0.3 0.8 413
24 10000 2 0.3 0.8 414
24 10000 2 0.3 0.8 415
24 10000 2 0.3 0.8 416
24 10000 2 0.3 0.8 417
24 10000 2 0.3 0.8 418
24 10000 2 0.3 0.8 419
24 10000 2 0.3 0.8 420
24 10000 2 0.3 0.8 421
24 10000 2 0.3 0.8 422
24 10000 2 0.3 0.8 423
24 10000 2 0.3 0.8 424
24 10000 2 0.3 0.8 425
24 10000 2 0.3 0.8 426
24 10000 2 0.3 0.8 427
24 10000 2 0.3 0.8 428
24 10000 2 0.3 0.8 429
24 10000 2 0.3 0.8 430
24 10000 2 0.3 0.8 431
24 10000 2 0.3 0.8 432
24 10000 2 0.3 0.8 433
24 10000 2 0.3 0.8 434
24 10000 2 0.3 0.8 435
24 10000 2 0.3 0.8 436
24 10000 2 0.3 0.8 437
24 10000 2 0.3 0.8 438
24 10000 2 0.3 0.8 439
24 10000 2 0.3 0.8 440
24 10000 2 0.3 0.8 441
24 10000 2 0.3 0.8 442
24 10000 2 0.3 0.8 443
24 10000 2 0.3 0.8 444
24 10000 2 0.3 0.8 445
24 10000 2 0.3 0.8 446
24 10000 2 0.3 0.8 447
24 10000 2 0.3 0.8 448
24 10000 2 0.3 0.8 449
24 10000 2 0.3 0.8 450
24 10000 2 0.3 0.8 451
24 10000 2 0.3 0.8 452
24 10000 2 0.3 0.8 453
24 10000 2 0.3 0.8 454
24 10000 2 0.3 0.8 455
24 10000 2 0.3 0.8 456
24 10000 2 0.3 0.8 457
24 10000 2 0.3 0.8 458
24 10000 2 0.3 0.8 459
24 10000 2 0.3 0.8 460
24 10000 2 0.3 0.8 461
24 10000 2 0.3 0.8 462
24 10000 2 0.3 0.8 463
24 10000 2 0.3 0.8 464
24 10000 2 0.3 0.8 465
24 10000 2 0.3 0.8 466
24 10000 2 0.3 0.8 467
24 10000 2 0.3 0.8 468
24 10000 2 0.3 0.8 469
24 10000 2 0.3 0.8 470
24 10000 2 0.3 0.8 471
24 10000 2 0.3 0.8 472
24 10000 2 0.3 0.8 473
24 10000 2 0.3 0.8 474
24 10000 2 0.3 0.8 475
24 10000 2 0.3 0.8 476
24 10000 2 0.3 0.8 477
24 10000 2 0.3 0.8 478
24 10000 2 0.3 0.8 479
24 10000 2 0.3 0.8 480
24 10000 2 0.3 0.8 481
24 10000 2 0.3 0.8 482
24 10000 2 0.3 0.8 483
24 10000 2 0.3 0.8 484
24 10000 2 0.3 0.8 485
24 10000 2 0.3 0.8 486
24 10000 2 0.3 0.8 487
24 10000 2 0.3 0.8 488
24 10000 2 0.3 0.8 489
24 10000 2 0.3 0.8 490
24 10000 2 0.3 0.8 491
24 10000 2 0.3 0.8 492
24 10000 2 0.3 0.8 493
24 10000 2 0.3 0.8 494
24 10000 2 0.3 0.8 495
24 10000 2 0.3 0.8 496
24 10000 2 0.3 0.8 497
24 10000 2 0.3 0.8 498
24 10000 2 0.3 0.8 499
24 10000 2 0.3 0.8 500
