100 10000 2 0.75 0.2 1
100 10000 2 0.75 0.2 2
100 10000 2 0.75 0.2 3
100 10000 2 0.75 0.2 4
100 10000 2 0.75 0.2 5
100 10000 2 0.75 0.2 6
100 10000 2 0.75 0.2 7
100 10000 2 0.75 0.2 8
100 10000 2 0.75 0.2 9
100 10000 2 0.75 0.2 10
100 10000 2 0.75 0.2 11
100 10000 2 0.75 0.2 12
100 10000 2 0.75 0.2 13
100 10000 2 0.75 0.2 14
100 10000 2 0.75 0.2 15
100 10000 2 0.75 0.2 16
100 10000 2 0.75 0.2 17
100 10000 2 0.75 0.2 18
100 10000 2 0.75 0.2 19
100 10000 2 0.75 0.2 20
100 10000 2 0.75 0.2 21
100 10000 2 0.75 0.2 22
100 10000 2 0.75 0.2 23
100 10000 2 0.75 0.2 24
100 10000 2 0.75 0.2 25
100 10000 2 0.75 0.2 26
100 10000 2 0.75 0.2 27
100 10000 2 0.75 0.2 28
100 10000 2 0.75 0.2 29
100 10000 2 0.75 0.2 30
100 10000 2 0.75 0.2 31
100 10000 2 0.75 0.2 32
100 10000 2 0.75 0.2 33
100 10000 2 0.75 0.2 34
100 10000 2 0.75 0.2 35
100 10000 2 0.75 0.2 36
100 10000 2 0.75 0.2 37
100 10000 2 0.75 0.2 38
100 10000 2 0.75 0.2 39
100 10000 2 0.75 0.2 40
100 10000 2 0.75 0.2 41
100 10000 2 0.75 0.2 42
100 10000 2 0.75 0.2 43
100 10000 2 0.75 0.2 44
100 10000 2 0.75 0.2 45
100 10000 2 0.75 0.2 46
100 10000 2 0.75 0.2 47
100 10000 2 0.75 0.2 48
100 10000 2 0.75 0.2 49
100 10000 2 0.75 0.2 50
100 10000 2 0.75 0.2 51
100 10000 2 0.75 0.2 52
100 10000 2 0.75 0.2 53
100 10000 2 0.75 0.2 54
100 10000 2 0.75 0.2 55
100 10000 2 0.75 0.2 56
100 10000 2 0.75 0.2 57
100 10000 2 0.75 0.2 58
100 10000 2 0.75 0.2 59
100 10000 2 0.75 0.2 60
100 10000 2 0.75 0.2 61
100 10000 2 0.75 0.2 62
100 10000 2 0.75 0.2 63
100 10000 2 0.75 0.2 64
100 10000 2 0.75 0.2 65
100 10000 2 0.75 0.2 66
100 10000 2 0.75 0.2 67
100 10000 2 0.75 0.2 68
100 10000 2 0.75 0.2 69
100 10000 2 0.75 0.2 70
100 10000 2 0.75 0.2 71
100 10000 2 0.75 0.2 72
100 10000 2 0.75 0.2 73
100 10000 2 0.75 0.2 74
100 10000 2 0.75 0.2 75
100 10000 2 0.75 0.2 76
100 10000 2 0.75 0.2 77
100 10000 2 0.75 0.2 78
100 10000 2 0.75 0.2 79
100 10000 2 0.75 0.2 80
100 10000 2 0.75 0.2 81
100 10000 2 0.75 0.2 82
100 10000 2 0.75 0.2 83
100 10000 2 0.75 0.2 84
100 10000 2 0.75 0.2 85
100 10000 2 0.75 0.2 86
100 10000 2 0.75 0.2 87
100 10000 2 0.75 0.2 88
100 10000 2 0.75 0.2 89
100 10000 2 0.75 0.2 90
100 10000 2 0.75 0.2 91
100 10000 2 0.75 0.2 92
100 10000 2 0.75 0.2 93
100 10000 2 0.75 0.2 94
100 10000 2 0.75 0.2 95
100 10000 2 0.75 0.2 96
100 10000 2 0.75 0.2 97
100 10000 2 0.75 0.2 98
100 10000 2 0.75 0.2 99
100 10000 2 0.75 0.2 100
100 10000 2 0.75 0.2 101
100 10000 2 0.75 0.2 102
100 10000 2 0.75 0.2 103
100 10000 2 0.75 0.2 104
100 10000 2 0.75 0.2 105
100 10000 2 0.75 0.2 106
100 10000 2 0.75 0.2 107
100 10000 2 0.75 0.2 108
100 10000 2 0.75 0.2 109
100 10000 2 0.75 0.2 110
100 10000 2 0.75 0.2 111
100 10000 2 0.75 0.2 112
100 10000 2 0.75 0.2 113
100 10000 2 0.75 0.2 114
100 10000 2 0.75 0.2 115
100 10000 2 0.75 0.2 116
100 10000 2 0.75 0.2 117
100 10000 2 0.75 0.2 118
100 10000 2 0.75 0.2 119
100 10000 2 0.75 0.2 120
100 10000 2 0.75 0.2 121
100 10000 2 0.75 0.2 122
100 10000 2 0.75 0.2 123
100 10000 2 0.75 0.2 124
100 10000 2 0.75 0.2 125
100 10000 2 0.75 0.2 126
100 10000 2 0.75 0.2 127
100 10000 2 0.75 0.2 128
100 10000 2 0.75 0.2 129
100 10000 2 0.75 0.2 130
100 10000 2 0.75 0.2 131
100 10000 2 0.75 0.2 132
100 10000 2 0.75 0.2 133
100 10000 2 0.75 0.2 134
100 10000 2 0.75 0.2 135
100 10000 2 0.75 0.2 136
100 10000 2 0.75 0.2 137
100 10000 2 0.75 0.2 138
100 10000 2 0.75 0.2 139
100 10000 2 0.75 0.2 140
100 10000 2 0.75 0.2 141
100 10000 2 0.75 0.2 142
100 10000 2 0.75 0.2 143
100 10000 2 0.75 0.2 144
100 10000 2 0.75 0.2 145
100 10000 2 0.75 0.2 146
100 10000 2 0.75 0.2 147
100 10000 2 0.75 0.2 148
100 10000 2 0.75 0.2 149
100 10000 2 0.75 0.2 150
100 10000 2 0.75 0.2 151
100 10000 2 0.75 0.2 152
100 10000 2 0.75 0.2 153
100 10000 2 0.75 0.2 154
100 10000 2 0.75 0.2 155
100 10000 2 0.75 0.2 156
100 10000 2 0.75 0.2 157
100 10000 2 0.75 0.2 158
100 10000 2 0.75 0.2 159
100 10000 2 0.75 0.2 160
100 10000 2 0.75 0.2 161
100 10000 2 0.75 0.2 162
100 10000 2 0.75 0.2 163
100 10000 2 0.75 0.2 164
100 10000 2 0.75 0.2 165
100 10000 2 0.75 0.2 166
100 10000 2 0.75 0.2 167
100 10000 2 0.75 0.2 168
100 10000 2 0.75 0.2 169
100 10000 2 0.75 0.2 170
100 10000 2 0.75 0.2 171
100 10000 2 0.75 0.2 172
100 10000 2 0.75 0.2 173
100 10000 2 0.75 0.2 174
100 10000 2 0.75 0.2 175
100 10000 2 0.75 0.2 176
100 10000 2 0.75 0.2 177
100 10000 2 0.75 0.2 178
100 10000 2 0.75 0.2 179
100 10000 2 0.75 0.2 180
100 10000 2 0.75 0.2 181
100 10000 2 0.75 0.2 182
100 10000 2 0.75 0.2 183
100 10000 2 0.75 0.2 184
100 10000 2 0.75 0.2 185
100 10000 2 0.75 0.2 186
100 10000 2 0.75 0.2 187
100 10000 2 0.75 0.2 188
100 10000 2 0.75 0.2 189
100 10000 2 0.75 0.2 190
100 10000 2 0.75 0.2 191
100 10000 2 0.75 0.2 192
100 10000 2 0.75 0.2 193
100 10000 2 0.75 0.2 194
100 10000 2 0.75 0.2 195
100 10000 2 0.75 0.2 196
100 10000 2 0.75 0.2 197
100 10000 2 0.75 0.2 198
100 10000 2 0.75 0.2 199
100 10000 2 0.75 0.2 200
100 10000 2 0.75 0.2 201
100 10000 2 0.75 0.2 202
100 10000 2 0.75 0.2 203
100 10000 2 0.75 0.2 204
100 10000 2 0.75 0.2 205
100 10000 2 0.75 0.2 206
100 10000 2 0.75 0.2 207
100 10000 2 0.75 0.2 208
100 10000 2 0.75 0.2 209
100 10000 2 0.75 0.2 210
100 10000 2 0.75 0.2 211
100 10000 2 0.75 0.2 212
100 10000 2 0.75 0.2 213
100 10000 2 0.75 0.2 214
100 10000 2 0.75 0.2 215
100 10000 2 0.75 0.2 216
100 10000 2 0.75 0.2 217
100 10000 2 0.75 0.2 218
100 10000 2 0.75 0.2 219
100 10000 2 0.75 0.2 220
100 10000 2 0.75 0.2 221
100 10000 2 0.75 0.2 222
100 10000 2 0.75 0.2 223
100 10000 2 0.75 0.2 224
100 10000 2 0.75 0.2 225
100 10000 2 0.75 0.2 226
100 10000 2 0.75 0.2 227
100 10000 2 0.75 0.2 228
100 10000 2 0.75 0.2 229
100 10000 2 0.75 0.2 230
100 10000 2 0.75 0.2 231
100 10000 2 0.75 0.2 232
100 10000 2 0.75 0.2 233
100 10000 2 0.75 0.2 234
100 10000 2 0.75 0.2 235
100 10000 2 0.75 0.2 236
100 10000 2 0.75 0.2 237
100 10000 2 0.75 0.2 238
100 10000 2 0.75 0.2 239
100 10000 2 0.75 0.2 240
100 10000 2 0.75 0.2 241
100 10000 2 0.75 0.2 242
100 10000 2 0.75 0.2 243
100 10000 2 0.75 0.2 244
100 10000 2 0.75 0.2 245
100 10000 2 0.75 0.2 246
100 10000 2 0.75 0.2 247
100 10000 2 0.75 0.2 248
100 10000 2 0.75 0.2 249
100 10000 2 0.75 0.2 250
100 10000 2 0.75 0.2 251
100 10000 2 0.75 0.2 252
100 10000 2 0.75 0.2 253
100 10000 2 0.75 0.2 254
100 10000 2 0.75 0.2 255
100 10000 2 0.75 0.2 256
100 10000 2 0.75 0.2 257
100 10000 2 0.75 0.2 258
100 10000 2 0.75 0.2 259
100 10000 2 0.75 0.2 260
100 10000 2 0.75 0.2 261
100 10000 2 0.75 0.2 262
100 10000 2 0.75 0.2 263
100 10000 2 0.75 0.2 264
100 10000 2 0.75 0.2 265
100 10000 2 0.75 0.2 266
100 10000 2 0.75 0.2 267
100 10000 2 0.75 0.2 268
100 10000 2 0.75 0.2 269
100 10000 2 0.75 0.2 270
100 10000 2 0.75 0.2 271
100 10000 2 0.75 0.2 272
100 10000 2 0.75 0.2 273
100 10000 2 0.75 0.2 274
100 10000 2 0.75 0.2 275
100 10000 2 0.75 0.2 276
100 10000 2 0.75 0.2 277
100 10000 2 0.75 0.2 278
100 10000 2 0.75 0.2 279
100 10000 2 0.75 0.2 280
100 10000 2 0.75 0.2 281
100 10000 2 0.75 0.2 282
100 10000 2 0.75 0.2 283
100 10000 2 0.75 0.2 284
100 10000 2 0.75 0.2 285
100 10000 2 0.75 0.2 286
100 10000 2 0.75 0.2 287
100 10000 2 0.75 0.2 288
100 10000 2 0.75 0.2 289
100 10000 2 0.75 0.2 290
100 10000 2 0.75 0.2 291
100 10000 2 0.75 0.2 292
100 10000 2 0.75 0.2 293
100 10000 2 0.75 0.2 294
100 10000 2 0.75 0.2 295
100 10000 2 0.75 0.2 296
100 10000 2 0.75 0.2 297
100 10000 2 0.75 0.2 298
100 10000 2 0.75 0.2 299
100 10000 2 0.75 0.2 300
100 10000 2 0.75 0.2 301
100 10000 2 0.75 0.2 302
100 10000 2 0.75 0.2 303
100 10000 2 0.75 0.2 304
100 10000 2 0.75 0.2 305
100 10000 2 0.75 0.2 306
100 10000 2 0.75 0.2 307
100 10000 2 0.75 0.2 308
100 10000 2 0.75 0.2 309
100 10000 2 0.75 0.2 310
100 10000 2 0.75 0.2 311
100 10000 2 0.75 0.2 312
100 10000 2 0.75 0.2 313
100 10000 2 0.75 0.2 314
100 10000 2 0.75 0.2 315
100 10000 2 0.75 0.2 316
100 10000 2 0.75 0.2 317
100 10000 2 0.75 0.2 318
100 10000 2 0.75 0.2 319
100 10000 2 0.75 0.2 320
100 10000 2 0.75 0.2 321
100 10000 2 0.75 0.2 322
100 10000 2 0.75 0.2 323
100 10000 2 0.75 0.2 324
100 10000 2 0.75 0.2 325
100 10000 2 0.75 0.2 326
100 10000 2 0.75 0.2 327
100 10000 2 0.75 0.2 328
100 10000 2 0.75 0.2 329
100 10000 2 0.75 0.2 330
100 10000 2 0.75 0.2 331
100 10000 2 0.75 0.2 332
100 10000 2 0.75 0.2 333
100 10000 2 0.75 0.2 334
100 10000 2 0.75 0.2 335
100 10000 2 0.75 0.2 336
100 10000 2 0.75 0.2 337
100 10000 2 0.75 0.2 338
100 10000 2 0.75 0.2 339
100 10000 2 0.75 0.2 340
100 10000 2 0.75 0.2 341
100 10000 2 0.75 0.2 342
100 10000 2 0.75 0.2 343
100 10000 2 0.75 0.2 344
100 10000 2 0.75 0.2 345
100 10000 2 0.75 0.2 346
100 10000 2 0.75 0.2 347
100 10000 2 0.75 0.2 348
100 10000 2 0.75 0.2 349
100 10000 2 0.75 0.2 350
100 10000 2 0.75 0.2 351
100 10000 2 0.75 0.2 352
100 10000 2 0.75 0.2 353
100 10000 2 0.75 0.2 354
100 10000 2 0.75 0.2 355
100 10000 2 0.75 0.2 356
100 10000 2 0.75 0.2 357
100 10000 2 0.75 0.2 358
100 10000 2 0.75 0.2 359
100 10000 2 0.75 0.2 360
100 10000 2 0.75 0.2 361
100 10000 2 0.75 0.2 362
100 10000 2 0.75 0.2 363
100 10000 2 0.75 0.2 364
100 10000 2 0.75 0.2 365
100 10000 2 0.75 0.2 366
100 10000 2 0.75 0.2 367
100 10000 2 0.75 0.2 368
100 10000 2 0.75 0.2 369
100 10000 2 0.75 0.2 370
100 10000 2 0.75 0.2 371
100 10000 2 0.75 0.2 372
100 10000 2 0.75 0.2 373
100 10000 2 0.75 0.2 374
100 10000 2 0.75 0.2 375
100 10000 2 0.75 0.2 376
100 10000 2 0.75 0.2 377
100 10000 2 0.75 0.2 378
100 10000 2 0.75 0.2 379
100 10000 2 0.75 0.2 380
100 10000 2 0.75 0.2 381
100 10000 2 0.75 0.2 382
100 10000 2 0.75 0.2 383
100 10000 2 0.75 0.2 384
100 10000 2 0.75 0.2 385
100 10000 2 0.75 0.2 386
100 10000 2 0.75 0.2 387
100 10000 2 0.75 0.2 388
100 10000 2 0.75 0.2 389
100 10000 2 0.75 0.2 390
100 10000 2 0.75 0.2 391
100 10000 2 0.75 0.2 392
100 10000 2 0.75 0.2 393
100 10000 2 0.75 0.2 394
100 10000 2 0.75 0.2 395
100 10000 2 0.75 0.2 396
100 10000 2 0.75 0.2 397
100 10000 2 0.75 0.2 398
100 10000 2 0.75 0.2 399
100 10000 2 0.75 0.2 400
100 10000 2 0.75 0.2 401
100 10000 2 0.75 0.2 402
100 10000 2 0.75 0.2 403
100 10000 2 0.75 0.2 404
100 10000 2 0.75 0.2 405
100 10000 2 0.75 0.2 406
100 10000 2 0.75 0.2 407
100 10000 2 0.75 0.2 408
100 10000 2 0.75 0.2 409
100 10000 2 0.75 0.2 410
100 10000 2 0.75 0.2 411
100 10000 2 0.75 0.2 412
100 10000 2 0.75 0.2 413
100 10000 2 0.75 0.2 414
100 10000 2 0.75 0.2 415
100 10000 2 0.75 0.2 416
100 10000 2 0.75 0.2 417
100 10000 2 0.75 0.2 418
100 10000 2 0.75 0.2 419
100 10000 2 0.75 0.2 420
100 10000 2 0.75 0.2 421
100 10000 2 0.75 0.2 422
100 10000 2 0.75 0.2 423
100 10000 2 0.75 0.2 424
100 10000 2 0.75 0.2 425
100 10000 2 0.75 0.2 426
100 10000 2 0.75 0.2 427
100 10000 2 0.75 0.2 428
100 10000 2 0.75 0.2 429
100 10000 2 0.75 0.2 430
100 10000 2 0.75 0.2 431
100 10000 2 0.75 0.2 432
100 10000 2 0.75 0.2 433
100 10000 2 0.75 0.2 434
100 10000 2 0.75 0.2 435
100 10000 2 0.75 0.2 436
100 10000 2 0.75 0.2 437
100 10000 2 0.75 0.2 438
100 10000 2 0.75 0.2 439
100 10000 2 0.75 0.2 440
100 10000 2 0.75 0.2 441
100 10000 2 0.75 0.2 442
100 10000 2 0.75 0.2 443
100 10000 2 0.75 0.2 444
100 10000 2 0.75 0.2 445
100 10000 2 0.75 0.2 446
100 10000 2 0.75 0.2 447
100 10000 2 0.75 0.2 448
100 10000 2 0.75 0.2 449
100 10000 2 0.75 0.2 450
100 10000 2 0.75 0.2 451
100 10000 2 0.75 0.2 452
100 10000 2 0.75 0.2 453
100 10000 2 0.75 0.2 454
100 10000 2 0.75 0.2 455
100 10000 2 0.75 0.2 456
100 10000 2 0.75 0.2 457
100 10000 2 0.75 0.2 458
100 10000 2 0.75 0.2 459
100 10000 2 0.75 0.2 460
100 10000 2 0.75 0.2 461
100 10000 2 0.75 0.2 462
100 10000 2 0.75 0.2 463
100 10000 2 0.75 0.2 464
100 10000 2 0.75 0.2 465
100 10000 2 0.75 0.2 466
100 10000 2 0.75 0.2 467
100 10000 2 0.75 0.2 468
100 10000 2 0.75 0.2 469
100 10000 2 0.75 0.2 470
100 10000 2 0.75 0.2 471
100 10000 2 0.75 0.2 472
100 10000 2 0.75 0.2 473
100 10000 2 0.75 0.2 474
100 10000 2 0.75 0.2 475
100 10000 2 0.75 0.2 476
100 10000 2 0.75 0.2 477
100 10000 2 0.75 0.2 478
100 10000 2 0.75 0.2 479
100 10000 2 0.75 0.2 480
100 10000 2 0.75 0.2 481
100 10000 2 0.75 0.2 482
100 10000 2 0.75 0.2 483
100 10000 2 0.75 0.2 484
100 10000 2 0.75 0.2 485
100 10000 2 0.75 0.2 486
100 10000 2 0.75 0.2 487
100 10000 2 0.75 0.2 488
100 10000 2 0.75 0.2 489
100 10000 2 0.75 0.2 490
100 10000 2 0.75 0.2 491
100 10000 2 0.75 0.2 492
100 10000 2 0.75 0.2 493
100 10000 2 0.75 0.2 494
100 10000 2 0.75 0.2 495
100 10000 2 0.75 0.2 496
100 10000 2 0.75 0.2 497
100 10000 2 0.75 0.2 498
100 10000 2 0.75 0.2 499
100 10000 2 0.75 0.2 500
100 10000 2 0.75 0.4 1
100 10000 2 0.75 0.4 2
100 10000 2 0.75 0.4 3
100 10000 2 0.75 0.4 4
100 10000 2 0.75 0.4 5
100 10000 2 0.75 0.4 6
100 10000 2 0.75 0.4 7
100 10000 2 0.75 0.4 8
100 10000 2 0.75 0.4 9
100 10000 2 0.75 0.4 10
100 10000 2 0.75 0.4 11
100 10000 2 0.75 0.4 12
100 10000 2 0.75 0.4 13
100 10000 2 0.75 0.4 14
100 10000 2 0.75 0.4 15
100 10000 2 0.75 0.4 16
100 10000 2 0.75 0.4 17
100 10000 2 0.75 0.4 18
100 10000 2 0.75 0.4 19
100 10000 2 0.75 0.4 20
100 10000 2 0.75 0.4 21
100 10000 2 0.75 0.4 22
100 10000 2 0.75 0.4 23
100 10000 2 0.75 0.4 24
100 10000 2 0.75 0.4 25
100 10000 2 0.75 0.4 26
100 10000 2 0.75 0.4 27
100 10000 2 0.75 0.4 28
100 10000 2 0.75 0.4 29
100 10000 2 0.75 0.4 30
100 10000 2 0.75 0.4 31
100 10000 2 0.75 0.4 32
100 10000 2 0.75 0.4 33
100 10000 2 0.75 0.4 34
100 10000 2 0.75 0.4 35
100 10000 2 0.75 0.4 36
100 10000 2 0.75 0.4 37
100 10000 2 0.75 0.4 38
100 10000 2 0.75 0.4 39
100 10000 2 0.75 0.4 40
100 10000 2 0.75 0.4 41
100 10000 2 0.75 0.4 42
100 10000 2 0.75 0.4 43
100 10000 2 0.75 0.4 44
100 10000 2 0.75 0.4 45
100 10000 2 0.75 0.4 46
100 10000 2 0.75 0.4 47
100 10000 2 0.75 0.4 48
100 10000 2 0.75 0.4 49
100 10000 2 0.75 0.4 50
100 10000 2 0.75 0.4 51
100 10000 2 0.75 0.4 52
100 10000 2 0.75 0.4 53
100 10000 2 0.75 0.4 54
100 10000 2 0.75 0.4 55
100 10000 2 0.75 0.4 56
100 10000 2 0.75 0.4 57
100 10000 2 0.75 0.4 58
100 10000 2 0.75 0.4 59
100 10000 2 0.75 0.4 60
100 10000 2 0.75 0.4 61
100 10000 2 0.75 0.4 62
100 10000 2 0.75 0.4 63
100 10000 2 0.75 0.4 64
100 10000 2 0.75 0.4 65
100 10000 2 0.75 0.4 66
100 10000 2 0.75 0.4 67
100 10000 2 0.75 0.4 68
100 10000 2 0.75 0.4 69
100 10000 2 0.75 0.4 70
100 10000 2 0.75 0.4 71
100 10000 2 0.75 0.4 72
100 10000 2 0.75 0.4 73
100 10000 2 0.75 0.4 74
100 10000 2 0.75 0.4 75
100 10000 2 0.75 0.4 76
100 10000 2 0.75 0.4 77
100 10000 2 0.75 0.4 78
100 10000 2 0.75 0.4 79
100 10000 2 0.75 0.4 80
100 10000 2 0.75 0.4 81
100 10000 2 0.75 0.4 82
100 10000 2 0.75 0.4 83
100 10000 2 0.75 0.4 84
100 10000 2 0.75 0.4 85
100 10000 2 0.75 0.4 86
100 10000 2 0.75 0.4 87
100 10000 2 0.75 0.4 88
100 10000 2 0.75 0.4 89
100 10000 2 0.75 0.4 90
100 10000 2 0.75 0.4 91
100 10000 2 0.75 0.4 92
100 10000 2 0.75 0.4 93
100 10000 2 0.75 0.4 94
100 10000 2 0.75 0.4 95
100 10000 2 0.75 0.4 96
100 10000 2 0.75 0.4 97
100 10000 2 0.75 0.4 98
100 10000 2 0.75 0.4 99
100 10000 2 0.75 0.4 100
100 10000 2 0.75 0.4 101
100 10000 2 0.75 0.4 102
100 10000 2 0.75 0.4 103
100 10000 2 0.75 0.4 104
100 10000 2 0.75 0.4 105
100 10000 2 0.75 0.4 106
100 10000 2 0.75 0.4 107
100 10000 2 0.75 0.4 108
100 10000 2 0.75 0.4 109
100 10000 2 0.75 0.4 110
100 10000 2 0.75 0.4 111
100 10000 2 0.75 0.4 112
100 10000 2 0.75 0.4 113
100 10000 2 0.75 0.4 114
100 10000 2 0.75 0.4 115
100 10000 2 0.75 0.4 116
100 10000 2 0.75 0.4 117
100 10000 2 0.75 0.4 118
100 10000 2 0.75 0.4 119
100 10000 2 0.75 0.4 120
100 10000 2 0.75 0.4 121
100 10000 2 0.75 0.4 122
100 10000 2 0.75 0.4 123
100 10000 2 0.75 0.4 124
100 10000 2 0.75 0.4 125
100 10000 2 0.75 0.4 126
100 10000 2 0.75 0.4 127
100 10000 2 0.75 0.4 128
100 10000 2 0.75 0.4 129
100 10000 2 0.75 0.4 130
100 10000 2 0.75 0.4 131
100 10000 2 0.75 0.4 132
100 10000 2 0.75 0.4 133
100 10000 2 0.75 0.4 134
100 10000 2 0.75 0.4 135
100 10000 2 0.75 0.4 136
100 10000 2 0.75 0.4 137
100 10000 2 0.75 0.4 138
100 10000 2 0.75 0.4 139
100 10000 2 0.75 0.4 140
100 10000 2 0.75 0.4 141
100 10000 2 0.75 0.4 142
100 10000 2 0.75 0.4 143
100 10000 2 0.75 0.4 144
100 10000 2 0.75 0.4 145
100 10000 2 0.75 0.4 146
100 10000 2 0.75 0.4 147
100 10000 2 0.75 0.4 148
100 10000 2 0.75 0.4 149
100 10000 2 0.75 0.4 150
100 10000 2 0.75 0.4 151
100 10000 2 0.75 0.4 152
100 10000 2 0.75 0.4 153
100 10000 2 0.75 0.4 154
100 10000 2 0.75 0.4 155
100 10000 2 0.75 0.4 156
100 10000 2 0.75 0.4 157
100 10000 2 0.75 0.4 158
100 10000 2 0.75 0.4 159
100 10000 2 0.75 0.4 160
100 10000 2 0.75 0.4 161
100 10000 2 0.75 0.4 162
100 10000 2 0.75 0.4 163
100 10000 2 0.75 0.4 164
100 10000 2 0.75 0.4 165
100 10000 2 0.75 0.4 166
100 10000 2 0.75 0.4 167
100 10000 2 0.75 0.4 168
100 10000 2 0.75 0.4 169
100 10000 2 0.75 0.4 170
100 10000 2 0.75 0.4 171
100 10000 2 0.75 0.4 172
100 10000 2 0.75 0.4 173
100 10000 2 0.75 0.4 174
100 10000 2 0.75 0.4 175
100 10000 2 0.75 0.4 176
100 10000 2 0.75 0.4 177
100 10000 2 0.75 0.4 178
100 10000 2 0.75 0.4 179
100 10000 2 0.75 0.4 180
100 10000 2 0.75 0.4 181
100 10000 2 0.75 0.4 182
100 10000 2 0.75 0.4 183
100 10000 2 0.75 0.4 184
100 10000 2 0.75 0.4 185
100 10000 2 0.75 0.4 186
100 10000 2 0.75 0.4 187
100 10000 2 0.75 0.4 188
100 10000 2 0.75 0.4 189
100 10000 2 0.75 0.4 190
100 10000 2 0.75 0.4 191
100 10000 2 0.75 0.4 192
100 10000 2 0.75 0.4 193
100 10000 2 0.75 0.4 194
100 10000 2 0.75 0.4 195
100 10000 2 0.75 0.4 196
100 10000 2 0.75 0.4 197
100 10000 2 0.75 0.4 198
100 10000 2 0.75 0.4 199
100 10000 2 0.75 0.4 200
100 10000 2 0.75 0.4 201
100 10000 2 0.75 0.4 202
100 10000 2 0.75 0.4 203
100 10000 2 0.75 0.4 204
100 10000 2 0.75 0.4 205
100 10000 2 0.75 0.4 206
100 10000 2 0.75 0.4 207
100 10000 2 0.75 0.4 208
100 10000 2 0.75 0.4 209
100 10000 2 0.75 0.4 210
100 10000 2 0.75 0.4 211
100 10000 2 0.75 0.4 212
100 10000 2 0.75 0.4 213
100 10000 2 0.75 0.4 214
100 10000 2 0.75 0.4 215
100 10000 2 0.75 0.4 216
100 10000 2 0.75 0.4 217
100 10000 2 0.75 0.4 218
100 10000 2 0.75 0.4 219
100 10000 2 0.75 0.4 220
100 10000 2 0.75 0.4 221
100 10000 2 0.75 0.4 222
100 10000 2 0.75 0.4 223
100 10000 2 0.75 0.4 224
100 10000 2 0.75 0.4 225
100 10000 2 0.75 0.4 226
100 10000 2 0.75 0.4 227
100 10000 2 0.75 0.4 228
100 10000 2 0.75 0.4 229
100 10000 2 0.75 0.4 230
100 10000 2 0.75 0.4 231
100 10000 2 0.75 0.4 232
100 10000 2 0.75 0.4 233
100 10000 2 0.75 0.4 234
100 10000 2 0.75 0.4 235
100 10000 2 0.75 0.4 236
100 10000 2 0.75 0.4 237
100 10000 2 0.75 0.4 238
100 10000 2 0.75 0.4 239
100 10000 2 0.75 0.4 240
100 10000 2 0.75 0.4 241
100 10000 2 0.75 0.4 242
100 10000 2 0.75 0.4 243
100 10000 2 0.75 0.4 244
100 10000 2 0.75 0.4 245
100 10000 2 0.75 0.4 246
100 10000 2 0.75 0.4 247
100 10000 2 0.75 0.4 248
100 10000 2 0.75 0.4 249
100 10000 2 0.75 0.4 250
100 10000 2 0.75 0.4 251
100 10000 2 0.75 0.4 252
100 10000 2 0.75 0.4 253
100 10000 2 0.75 0.4 254
100 10000 2 0.75 0.4 255
100 10000 2 0.75 0.4 256
100 10000 2 0.75 0.4 257
100 10000 2 0.75 0.4 258
100 10000 2 0.75 0.4 259
100 10000 2 0.75 0.4 260
100 10000 2 0.75 0.4 261
100 10000 2 0.75 0.4 262
100 10000 2 0.75 0.4 263
100 10000 2 0.75 0.4 264
100 10000 2 0.75 0.4 265
100 10000 2 0.75 0.4 266
100 10000 2 0.75 0.4 267
100 10000 2 0.75 0.4 268
100 10000 2 0.75 0.4 269
100 10000 2 0.75 0.4 270
100 10000 2 0.75 0.4 271
100 10000 2 0.75 0.4 272
100 10000 2 0.75 0.4 273
100 10000 2 0.75 0.4 274
100 10000 2 0.75 0.4 275
100 10000 2 0.75 0.4 276
100 10000 2 0.75 0.4 277
100 10000 2 0.75 0.4 278
100 10000 2 0.75 0.4 279
100 10000 2 0.75 0.4 280
100 10000 2 0.75 0.4 281
100 10000 2 0.75 0.4 282
100 10000 2 0.75 0.4 283
100 10000 2 0.75 0.4 284
100 10000 2 0.75 0.4 285
100 10000 2 0.75 0.4 286
100 10000 2 0.75 0.4 287
100 10000 2 0.75 0.4 288
100 10000 2 0.75 0.4 289
100 10000 2 0.75 0.4 290
100 10000 2 0.75 0.4 291
100 10000 2 0.75 0.4 292
100 10000 2 0.75 0.4 293
100 10000 2 0.75 0.4 294
100 10000 2 0.75 0.4 295
100 10000 2 0.75 0.4 296
100 10000 2 0.75 0.4 297
100 10000 2 0.75 0.4 298
100 10000 2 0.75 0.4 299
100 10000 2 0.75 0.4 300
100 10000 2 0.75 0.4 301
100 10000 2 0.75 0.4 302
100 10000 2 0.75 0.4 303
100 10000 2 0.75 0.4 304
100 10000 2 0.75 0.4 305
100 10000 2 0.75 0.4 306
100 10000 2 0.75 0.4 307
100 10000 2 0.75 0.4 308
100 10000 2 0.75 0.4 309
100 10000 2 0.75 0.4 310
100 10000 2 0.75 0.4 311
100 10000 2 0.75 0.4 312
100 10000 2 0.75 0.4 313
100 10000 2 0.75 0.4 314
100 10000 2 0.75 0.4 315
100 10000 2 0.75 0.4 316
100 10000 2 0.75 0.4 317
100 10000 2 0.75 0.4 318
100 10000 2 0.75 0.4 319
100 10000 2 0.75 0.4 320
100 10000 2 0.75 0.4 321
100 10000 2 0.75 0.4 322
100 10000 2 0.75 0.4 323
100 10000 2 0.75 0.4 324
100 10000 2 0.75 0.4 325
100 10000 2 0.75 0.4 326
100 10000 2 0.75 0.4 327
100 10000 2 0.75 0.4 328
100 10000 2 0.75 0.4 329
100 10000 2 0.75 0.4 330
100 10000 2 0.75 0.4 331
100 10000 2 0.75 0.4 332
100 10000 2 0.75 0.4 333
100 10000 2 0.75 0.4 334
100 10000 2 0.75 0.4 335
100 10000 2 0.75 0.4 336
100 10000 2 0.75 0.4 337
100 10000 2 0.75 0.4 338
100 10000 2 0.75 0.4 339
100 10000 2 0.75 0.4 340
100 10000 2 0.75 0.4 341
100 10000 2 0.75 0.4 342
100 10000 2 0.75 0.4 343
100 10000 2 0.75 0.4 344
100 10000 2 0.75 0.4 345
100 10000 2 0.75 0.4 346
100 10000 2 0.75 0.4 347
100 10000 2 0.75 0.4 348
100 10000 2 0.75 0.4 349
100 10000 2 0.75 0.4 350
100 10000 2 0.75 0.4 351
100 10000 2 0.75 0.4 352
100 10000 2 0.75 0.4 353
100 10000 2 0.75 0.4 354
100 10000 2 0.75 0.4 355
100 10000 2 0.75 0.4 356
100 10000 2 0.75 0.4 357
100 10000 2 0.75 0.4 358
100 10000 2 0.75 0.4 359
100 10000 2 0.75 0.4 360
100 10000 2 0.75 0.4 361
100 10000 2 0.75 0.4 362
100 10000 2 0.75 0.4 363
100 10000 2 0.75 0.4 364
100 10000 2 0.75 0.4 365
100 10000 2 0.75 0.4 366
100 10000 2 0.75 0.4 367
100 10000 2 0.75 0.4 368
100 10000 2 0.75 0.4 369
100 10000 2 0.75 0.4 370
100 10000 2 0.75 0.4 371
100 10000 2 0.75 0.4 372
100 10000 2 0.75 0.4 373
100 10000 2 0.75 0.4 374
100 10000 2 0.75 0.4 375
100 10000 2 0.75 0.4 376
100 10000 2 0.75 0.4 377
100 10000 2 0.75 0.4 378
100 10000 2 0.75 0.4 379
100 10000 2 0.75 0.4 380
100 10000 2 0.75 0.4 381
100 10000 2 0.75 0.4 382
100 10000 2 0.75 0.4 383
100 10000 2 0.75 0.4 384
100 10000 2 0.75 0.4 385
100 10000 2 0.75 0.4 386
100 10000 2 0.75 0.4 387
100 10000 2 0.75 0.4 388
100 10000 2 0.75 0.4 389
100 10000 2 0.75 0.4 390
100 10000 2 0.75 0.4 391
100 10000 2 0.75 0.4 392
100 10000 2 0.75 0.4 393
100 10000 2 0.75 0.4 394
100 10000 2 0.75 0.4 395
100 10000 2 0.75 0.4 396
100 10000 2 0.75 0.4 397
100 10000 2 0.75 0.4 398
100 10000 2 0.75 0.4 399
100 10000 2 0.75 0.4 400
100 10000 2 0.75 0.4 401
100 10000 2 0.75 0.4 402
100 10000 2 0.75 0.4 403
100 10000 2 0.75 0.4 404
100 10000 2 0.75 0.4 405
100 10000 2 0.75 0.4 406
100 10000 2 0.75 0.4 407
100 10000 2 0.75 0.4 408
100 10000 2 0.75 0.4 409
100 10000 2 0.75 0.4 410
100 10000 2 0.75 0.4 411
100 10000 2 0.75 0.4 412
100 10000 2 0.75 0.4 413
100 10000 2 0.75 0.4 414
100 10000 2 0.75 0.4 415
100 10000 2 0.75 0.4 416
100 10000 2 0.75 0.4 417
100 10000 2 0.75 0.4 418
100 10000 2 0.75 0.4 419
100 10000 2 0.75 0.4 420
100 10000 2 0.75 0.4 421
100 10000 2 0.75 0.4 422
100 10000 2 0.75 0.4 423
100 10000 2 0.75 0.4 424
100 10000 2 0.75 0.4 425
100 10000 2 0.75 0.4 426
100 10000 2 0.75 0.4 427
100 10000 2 0.75 0.4 428
100 10000 2 0.75 0.4 429
100 10000 2 0.75 0.4 430
100 10000 2 0.75 0.4 431
100 10000 2 0.75 0.4 432
100 10000 2 0.75 0.4 433
100 10000 2 0.75 0.4 434
100 10000 2 0.75 0.4 435
100 10000 2 0.75 0.4 436
100 10000 2 0.75 0.4 437
100 10000 2 0.75 0.4 438
100 10000 2 0.75 0.4 439
100 10000 2 0.75 0.4 440
100 10000 2 0.75 0.4 441
100 10000 2 0.75 0.4 442
100 10000 2 0.75 0.4 443
100 10000 2 0.75 0.4 444
100 10000 2 0.75 0.4 445
100 10000 2 0.75 0.4 446
100 10000 2 0.75 0.4 447
100 10000 2 0.75 0.4 448
100 10000 2 0.75 0.4 449
100 10000 2 0.75 0.4 450
100 10000 2 0.75 0.4 451
100 10000 2 0.75 0.4 452
100 10000 2 0.75 0.4 453
100 10000 2 0.75 0.4 454
100 10000 2 0.75 0.4 455
100 10000 2 0.75 0.4 456
100 10000 2 0.75 0.4 457
100 10000 2 0.75 0.4 458
100 10000 2 0.75 0.4 459
100 10000 2 0.75 0.4 460
100 10000 2 0.75 0.4 461
100 10000 2 0.75 0.4 462
100 10000 2 0.75 0.4 463
100 10000 2 0.75 0.4 464
100 10000 2 0.75 0.4 465
100 10000 2 0.75 0.4 466
100 10000 2 0.75 0.4 467
100 10000 2 0.75 0.4 468
100 10000 2 0.75 0.4 469
100 10000 2 0.75 0.4 470
100 10000 2 0.75 0.4 471
100 10000 2 0.75 0.4 472
100 10000 2 0.75 0.4 473
100 10000 2 0.75 0.4 474
100 10000 2 0.75 0.4 475
100 10000 2 0.75 0.4 476
100 10000 2 0.75 0.4 477
100 10000 2 0.75 0.4 478
100 10000 2 0.75 0.4 479
100 10000 2 0.75 0.4 480
100 10000 2 0.75 0.4 481
100 10000 2 0.75 0.4 482
100 10000 2 0.75 0.4 483
100 10000 2 0.75 0.4 484
100 10000 2 0.75 0.4 485
100 10000 2 0.75 0.4 486
100 10000 2 0.75 0.4 487
100 10000 2 0.75 0.4 488
100 10000 2 0.75 0.4 489
100 10000 2 0.75 0.4 490
100 10000 2 0.75 0.4 491
100 10000 2 0.75 0.4 492
100 10000 2 0.75 0.4 493
100 10000 2 0.75 0.4 494
100 10000 2 0.75 0.4 495
100 10000 2 0.75 0.4 496
100 10000 2 0.75 0.4 497
100 10000 2 0.75 0.4 498
100 10000 2 0.75 0.4 499
100 10000 2 0.75 0.4 500
100 10000 2 0.75 0.6 1
100 10000 2 0.75 0.6 2
100 10000 2 0.75 0.6 3
100 10000 2 0.75 0.6 4
100 10000 2 0.75 0.6 5
100 10000 2 0.75 0.6 6
100 10000 2 0.75 0.6 7
100 10000 2 0.75 0.6 8
100 10000 2 0.75 0.6 9
100 10000 2 0.75 0.6 10
100 10000 2 0.75 0.6 11
100 10000 2 0.75 0.6 12
100 10000 2 0.75 0.6 13
100 10000 2 0.75 0.6 14
100 10000 2 0.75 0.6 15
100 10000 2 0.75 0.6 16
100 10000 2 0.75 0.6 17
100 10000 2 0.75 0.6 18
100 10000 2 0.75 0.6 19
100 10000 2 0.75 0.6 20
100 10000 2 0.75 0.6 21
100 10000 2 0.75 0.6 22
100 10000 2 0.75 0.6 23
100 10000 2 0.75 0.6 24
100 10000 2 0.75 0.6 25
100 10000 2 0.75 0.6 26
100 10000 2 0.75 0.6 27
100 10000 2 0.75 0.6 28
100 10000 2 0.75 0.6 29
100 10000 2 0.75 0.6 30
100 10000 2 0.75 0.6 31
100 10000 2 0.75 0.6 32
100 10000 2 0.75 0.6 33
100 10000 2 0.75 0.6 34
100 10000 2 0.75 0.6 35
100 10000 2 0.75 0.6 36
100 10000 2 0.75 0.6 37
100 10000 2 0.75 0.6 38
100 10000 2 0.75 0.6 39
100 10000 2 0.75 0.6 40
100 10000 2 0.75 0.6 41
100 10000 2 0.75 0.6 42
100 10000 2 0.75 0.6 43
100 10000 2 0.75 0.6 44
100 10000 2 0.75 0.6 45
100 10000 2 0.75 0.6 46
100 10000 2 0.75 0.6 47
100 10000 2 0.75 0.6 48
100 10000 2 0.75 0.6 49
100 10000 2 0.75 0.6 50
100 10000 2 0.75 0.6 51
100 10000 2 0.75 0.6 52
100 10000 2 0.75 0.6 53
100 10000 2 0.75 0.6 54
100 10000 2 0.75 0.6 55
100 10000 2 0.75 0.6 56
100 10000 2 0.75 0.6 57
100 10000 2 0.75 0.6 58
100 10000 2 0.75 0.6 59
100 10000 2 0.75 0.6 60
100 10000 2 0.75 0.6 61
100 10000 2 0.75 0.6 62
100 10000 2 0.75 0.6 63
100 10000 2 0.75 0.6 64
100 10000 2 0.75 0.6 65
100 10000 2 0.75 0.6 66
100 10000 2 0.75 0.6 67
100 10000 2 0.75 0.6 68
100 10000 2 0.75 0.6 69
100 10000 2 0.75 0.6 70
100 10000 2 0.75 0.6 71
100 10000 2 0.75 0.6 72
100 10000 2 0.75 0.6 73
100 10000 2 0.75 0.6 74
100 10000 2 0.75 0.6 75
100 10000 2 0.75 0.6 76
100 10000 2 0.75 0.6 77
100 10000 2 0.75 0.6 78
100 10000 2 0.75 0.6 79
100 10000 2 0.75 0.6 80
100 10000 2 0.75 0.6 81
100 10000 2 0.75 0.6 82
100 10000 2 0.75 0.6 83
100 10000 2 0.75 0.6 84
100 10000 2 0.75 0.6 85
100 10000 2 0.75 0.6 86
100 10000 2 0.75 0.6 87
100 10000 2 0.75 0.6 88
100 10000 2 0.75 0.6 89
100 10000 2 0.75 0.6 90
100 10000 2 0.75 0.6 91
100 10000 2 0.75 0.6 92
100 10000 2 0.75 0.6 93
100 10000 2 0.75 0.6 94
100 10000 2 0.75 0.6 95
100 10000 2 0.75 0.6 96
100 10000 2 0.75 0.6 97
100 10000 2 0.75 0.6 98
100 10000 2 0.75 0.6 99
100 10000 2 0.75 0.6 100
100 10000 2 0.75 0.6 101
100 10000 2 0.75 0.6 102
100 10000 2 0.75 0.6 103
100 10000 2 0.75 0.6 104
100 10000 2 0.75 0.6 105
100 10000 2 0.75 0.6 106
100 10000 2 0.75 0.6 107
100 10000 2 0.75 0.6 108
100 10000 2 0.75 0.6 109
100 10000 2 0.75 0.6 110
100 10000 2 0.75 0.6 111
100 10000 2 0.75 0.6 112
100 10000 2 0.75 0.6 113
100 10000 2 0.75 0.6 114
100 10000 2 0.75 0.6 115
100 10000 2 0.75 0.6 116
100 10000 2 0.75 0.6 117
100 10000 2 0.75 0.6 118
100 10000 2 0.75 0.6 119
100 10000 2 0.75 0.6 120
100 10000 2 0.75 0.6 121
100 10000 2 0.75 0.6 122
100 10000 2 0.75 0.6 123
100 10000 2 0.75 0.6 124
100 10000 2 0.75 0.6 125
100 10000 2 0.75 0.6 126
100 10000 2 0.75 0.6 127
100 10000 2 0.75 0.6 128
100 10000 2 0.75 0.6 129
100 10000 2 0.75 0.6 130
100 10000 2 0.75 0.6 131
100 10000 2 0.75 0.6 132
100 10000 2 0.75 0.6 133
100 10000 2 0.75 0.6 134
100 10000 2 0.75 0.6 135
100 10000 2 0.75 0.6 136
100 10000 2 0.75 0.6 137
100 10000 2 0.75 0.6 138
100 10000 2 0.75 0.6 139
100 10000 2 0.75 0.6 140
100 10000 2 0.75 0.6 141
100 10000 2 0.75 0.6 142
100 10000 2 0.75 0.6 143
100 10000 2 0.75 0.6 144
100 10000 2 0.75 0.6 145
100 10000 2 0.75 0.6 146
100 10000 2 0.75 0.6 147
100 10000 2 0.75 0.6 148
100 10000 2 0.75 0.6 149
100 10000 2 0.75 0.6 150
100 10000 2 0.75 0.6 151
100 10000 2 0.75 0.6 152
100 10000 2 0.75 0.6 153
100 10000 2 0.75 0.6 154
100 10000 2 0.75 0.6 155
100 10000 2 0.75 0.6 156
100 10000 2 0.75 0.6 157
100 10000 2 0.75 0.6 158
100 10000 2 0.75 0.6 159
100 10000 2 0.75 0.6 160
100 10000 2 0.75 0.6 161
100 10000 2 0.75 0.6 162
100 10000 2 0.75 0.6 163
100 10000 2 0.75 0.6 164
100 10000 2 0.75 0.6 165
100 10000 2 0.75 0.6 166
100 10000 2 0.75 0.6 167
100 10000 2 0.75 0.6 168
100 10000 2 0.75 0.6 169
100 10000 2 0.75 0.6 170
100 10000 2 0.75 0.6 171
100 10000 2 0.75 0.6 172
100 10000 2 0.75 0.6 173
100 10000 2 0.75 0.6 174
100 10000 2 0.75 0.6 175
100 10000 2 0.75 0.6 176
100 10000 2 0.75 0.6 177
100 10000 2 0.75 0.6 178
100 10000 2 0.75 0.6 179
100 10000 2 0.75 0.6 180
100 10000 2 0.75 0.6 181
100 10000 2 0.75 0.6 182
100 10000 2 0.75 0.6 183
100 10000 2 0.75 0.6 184
100 10000 2 0.75 0.6 185
100 10000 2 0.75 0.6 186
100 10000 2 0.75 0.6 187
100 10000 2 0.75 0.6 188
100 10000 2 0.75 0.6 189
100 10000 2 0.75 0.6 190
100 10000 2 0.75 0.6 191
100 10000 2 0.75 0.6 192
100 10000 2 0.75 0.6 193
100 10000 2 0.75 0.6 194
100 10000 2 0.75 0.6 195
100 10000 2 0.75 0.6 196
100 10000 2 0.75 0.6 197
100 10000 2 0.75 0.6 198
100 10000 2 0.75 0.6 199
100 10000 2 0.75 0.6 200
100 10000 2 0.75 0.6 201
100 10000 2 0.75 0.6 202
100 10000 2 0.75 0.6 203
100 10000 2 0.75 0.6 204
100 10000 2 0.75 0.6 205
100 10000 2 0.75 0.6 206
100 10000 2 0.75 0.6 207
100 10000 2 0.75 0.6 208
100 10000 2 0.75 0.6 209
100 10000 2 0.75 0.6 210
100 10000 2 0.75 0.6 211
100 10000 2 0.75 0.6 212
100 10000 2 0.75 0.6 213
100 10000 2 0.75 0.6 214
100 10000 2 0.75 0.6 215
100 10000 2 0.75 0.6 216
100 10000 2 0.75 0.6 217
100 10000 2 0.75 0.6 218
100 10000 2 0.75 0.6 219
100 10000 2 0.75 0.6 220
100 10000 2 0.75 0.6 221
100 10000 2 0.75 0.6 222
100 10000 2 0.75 0.6 223
100 10000 2 0.75 0.6 224
100 10000 2 0.75 0.6 225
100 10000 2 0.75 0.6 226
100 10000 2 0.75 0.6 227
100 10000 2 0.75 0.6 228
100 10000 2 0.75 0.6 229
100 10000 2 0.75 0.6 230
100 10000 2 0.75 0.6 231
100 10000 2 0.75 0.6 232
100 10000 2 0.75 0.6 233
100 10000 2 0.75 0.6 234
100 10000 2 0.75 0.6 235
100 10000 2 0.75 0.6 236
100 10000 2 0.75 0.6 237
100 10000 2 0.75 0.6 238
100 10000 2 0.75 0.6 239
100 10000 2 0.75 0.6 240
100 10000 2 0.75 0.6 241
100 10000 2 0.75 0.6 242
100 10000 2 0.75 0.6 243
100 10000 2 0.75 0.6 244
100 10000 2 0.75 0.6 245
100 10000 2 0.75 0.6 246
100 10000 2 0.75 0.6 247
100 10000 2 0.75 0.6 248
100 10000 2 0.75 0.6 249
100 10000 2 0.75 0.6 250
100 10000 2 0.75 0.6 251
100 10000 2 0.75 0.6 252
100 10000 2 0.75 0.6 253
100 10000 2 0.75 0.6 254
100 10000 2 0.75 0.6 255
100 10000 2 0.75 0.6 256
100 10000 2 0.75 0.6 257
100 10000 2 0.75 0.6 258
100 10000 2 0.75 0.6 259
100 10000 2 0.75 0.6 260
100 10000 2 0.75 0.6 261
100 10000 2 0.75 0.6 262
100 10000 2 0.75 0.6 263
100 10000 2 0.75 0.6 264
100 10000 2 0.75 0.6 265
100 10000 2 0.75 0.6 266
100 10000 2 0.75 0.6 267
100 10000 2 0.75 0.6 268
100 10000 2 0.75 0.6 269
100 10000 2 0.75 0.6 270
100 10000 2 0.75 0.6 271
100 10000 2 0.75 0.6 272
100 10000 2 0.75 0.6 273
100 10000 2 0.75 0.6 274
100 10000 2 0.75 0.6 275
100 10000 2 0.75 0.6 276
100 10000 2 0.75 0.6 277
100 10000 2 0.75 0.6 278
100 10000 2 0.75 0.6 279
100 10000 2 0.75 0.6 280
100 10000 2 0.75 0.6 281
100 10000 2 0.75 0.6 282
100 10000 2 0.75 0.6 283
100 10000 2 0.75 0.6 284
100 10000 2 0.75 0.6 285
100 10000 2 0.75 0.6 286
100 10000 2 0.75 0.6 287
100 10000 2 0.75 0.6 288
100 10000 2 0.75 0.6 289
100 10000 2 0.75 0.6 290
100 10000 2 0.75 0.6 291
100 10000 2 0.75 0.6 292
100 10000 2 0.75 0.6 293
100 10000 2 0.75 0.6 294
100 10000 2 0.75 0.6 295
100 10000 2 0.75 0.6 296
100 10000 2 0.75 0.6 297
100 10000 2 0.75 0.6 298
100 10000 2 0.75 0.6 299
100 10000 2 0.75 0.6 300
100 10000 2 0.75 0.6 301
100 10000 2 0.75 0.6 302
100 10000 2 0.75 0.6 303
100 10000 2 0.75 0.6 304
100 10000 2 0.75 0.6 305
100 10000 2 0.75 0.6 306
100 10000 2 0.75 0.6 307
100 10000 2 0.75 0.6 308
100 10000 2 0.75 0.6 309
100 10000 2 0.75 0.6 310
100 10000 2 0.75 0.6 311
100 10000 2 0.75 0.6 312
100 10000 2 0.75 0.6 313
100 10000 2 0.75 0.6 314
100 10000 2 0.75 0.6 315
100 10000 2 0.75 0.6 316
100 10000 2 0.75 0.6 317
100 10000 2 0.75 0.6 318
100 10000 2 0.75 0.6 319
100 10000 2 0.75 0.6 320
100 10000 2 0.75 0.6 321
100 10000 2 0.75 0.6 322
100 10000 2 0.75 0.6 323
100 10000 2 0.75 0.6 324
100 10000 2 0.75 0.6 325
100 10000 2 0.75 0.6 326
100 10000 2 0.75 0.6 327
100 10000 2 0.75 0.6 328
100 10000 2 0.75 0.6 329
100 10000 2 0.75 0.6 330
100 10000 2 0.75 0.6 331
100 10000 2 0.75 0.6 332
100 10000 2 0.75 0.6 333
100 10000 2 0.75 0.6 334
100 10000 2 0.75 0.6 335
100 10000 2 0.75 0.6 336
100 10000 2 0.75 0.6 337
100 10000 2 0.75 0.6 338
100 10000 2 0.75 0.6 339
100 10000 2 0.75 0.6 340
100 10000 2 0.75 0.6 341
100 10000 2 0.75 0.6 342
100 10000 2 0.75 0.6 343
100 10000 2 0.75 0.6 344
100 10000 2 0.75 0.6 345
100 10000 2 0.75 0.6 346
100 10000 2 0.75 0.6 347
100 10000 2 0.75 0.6 348
100 10000 2 0.75 0.6 349
100 10000 2 0.75 0.6 350
100 10000 2 0.75 0.6 351
100 10000 2 0.75 0.6 352
100 10000 2 0.75 0.6 353
100 10000 2 0.75 0.6 354
100 10000 2 0.75 0.6 355
100 10000 2 0.75 0.6 356
100 10000 2 0.75 0.6 357
100 10000 2 0.75 0.6 358
100 10000 2 0.75 0.6 359
100 10000 2 0.75 0.6 360
100 10000 2 0.75 0.6 361
100 10000 2 0.75 0.6 362
100 10000 2 0.75 0.6 363
100 10000 2 0.75 0.6 364
100 10000 2 0.75 0.6 365
100 10000 2 0.75 0.6 366
100 10000 2 0.75 0.6 367
100 10000 2 0.75 0.6 368
100 10000 2 0.75 0.6 369
100 10000 2 0.75 0.6 370
100 10000 2 0.75 0.6 371
100 10000 2 0.75 0.6 372
100 10000 2 0.75 0.6 373
100 10000 2 0.75 0.6 374
100 10000 2 0.75 0.6 375
100 10000 2 0.75 0.6 376
100 10000 2 0.75 0.6 377
100 10000 2 0.75 0.6 378
100 10000 2 0.75 0.6 379
100 10000 2 0.75 0.6 380
100 10000 2 0.75 0.6 381
100 10000 2 0.75 0.6 382
100 10000 2 0.75 0.6 383
100 10000 2 0.75 0.6 384
100 10000 2 0.75 0.6 385
100 10000 2 0.75 0.6 386
100 10000 2 0.75 0.6 387
100 10000 2 0.75 0.6 388
100 10000 2 0.75 0.6 389
100 10000 2 0.75 0.6 390
100 10000 2 0.75 0.6 391
100 10000 2 0.75 0.6 392
100 10000 2 0.75 0.6 393
100 10000 2 0.75 0.6 394
100 10000 2 0.75 0.6 395
100 10000 2 0.75 0.6 396
100 10000 2 0.75 0.6 397
100 10000 2 0.75 0.6 398
100 10000 2 0.75 0.6 399
100 10000 2 0.75 0.6 400
100 10000 2 0.75 0.6 401
100 10000 2 0.75 0.6 402
100 10000 2 0.75 0.6 403
100 10000 2 0.75 0.6 404
100 10000 2 0.75 0.6 405
100 10000 2 0.75 0.6 406
100 10000 2 0.75 0.6 407
100 10000 2 0.75 0.6 408
100 10000 2 0.75 0.6 409
100 10000 2 0.75 0.6 410
100 10000 2 0.75 0.6 411
100 10000 2 0.75 0.6 412
100 10000 2 0.75 0.6 413
100 10000 2 0.75 0.6 414
100 10000 2 0.75 0.6 415
100 10000 2 0.75 0.6 416
100 10000 2 0.75 0.6 417
100 10000 2 0.75 0.6 418
100 10000 2 0.75 0.6 419
100 10000 2 0.75 0.6 420
100 10000 2 0.75 0.6 421
100 10000 2 0.75 0.6 422
100 10000 2 0.75 0.6 423
100 10000 2 0.75 0.6 424
100 10000 2 0.75 0.6 425
100 10000 2 0.75 0.6 426
100 10000 2 0.75 0.6 427
100 10000 2 0.75 0.6 428
100 10000 2 0.75 0.6 429
100 10000 2 0.75 0.6 430
100 10000 2 0.75 0.6 431
100 10000 2 0.75 0.6 432
100 10000 2 0.75 0.6 433
100 10000 2 0.75 0.6 434
100 10000 2 0.75 0.6 435
100 10000 2 0.75 0.6 436
100 10000 2 0.75 0.6 437
100 10000 2 0.75 0.6 438
100 10000 2 0.75 0.6 439
100 10000 2 0.75 0.6 440
100 10000 2 0.75 0.6 441
100 10000 2 0.75 0.6 442
100 10000 2 0.75 0.6 443
100 10000 2 0.75 0.6 444
100 10000 2 0.75 0.6 445
100 10000 2 0.75 0.6 446
100 10000 2 0.75 0.6 447
100 10000 2 0.75 0.6 448
100 10000 2 0.75 0.6 449
100 10000 2 0.75 0.6 450
100 10000 2 0.75 0.6 451
100 10000 2 0.75 0.6 452
100 10000 2 0.75 0.6 453
100 10000 2 0.75 0.6 454
100 10000 2 0.75 0.6 455
100 10000 2 0.75 0.6 456
100 10000 2 0.75 0.6 457
100 10000 2 0.75 0.6 458
100 10000 2 0.75 0.6 459
100 10000 2 0.75 0.6 460
100 10000 2 0.75 0.6 461
100 10000 2 0.75 0.6 462
100 10000 2 0.75 0.6 463
100 10000 2 0.75 0.6 464
100 10000 2 0.75 0.6 465
100 10000 2 0.75 0.6 466
100 10000 2 0.75 0.6 467
100 10000 2 0.75 0.6 468
100 10000 2 0.75 0.6 469
100 10000 2 0.75 0.6 470
100 10000 2 0.75 0.6 471
100 10000 2 0.75 0.6 472
100 10000 2 0.75 0.6 473
100 10000 2 0.75 0.6 474
100 10000 2 0.75 0.6 475
100 10000 2 0.75 0.6 476
100 10000 2 0.75 0.6 477
100 10000 2 0.75 0.6 478
100 10000 2 0.75 0.6 479
100 10000 2 0.75 0.6 480
100 10000 2 0.75 0.6 481
100 10000 2 0.75 0.6 482
100 10000 2 0.75 0.6 483
100 10000 2 0.75 0.6 484
100 10000 2 0.75 0.6 485
100 10000 2 0.75 0.6 486
100 10000 2 0.75 0.6 487
100 10000 2 0.75 0.6 488
100 10000 2 0.75 0.6 489
100 10000 2 0.75 0.6 490
100 10000 2 0.75 0.6 491
100 10000 2 0.75 0.6 492
100 10000 2 0.75 0.6 493
100 10000 2 0.75 0.6 494
100 10000 2 0.75 0.6 495
100 10000 2 0.75 0.6 496
100 10000 2 0.75 0.6 497
100 10000 2 0.75 0.6 498
100 10000 2 0.75 0.6 499
100 10000 2 0.75 0.6 500
100 10000 2 0.75 0.8 1
100 10000 2 0.75 0.8 2
100 10000 2 0.75 0.8 3
100 10000 2 0.75 0.8 4
100 10000 2 0.75 0.8 5
100 10000 2 0.75 0.8 6
100 10000 2 0.75 0.8 7
100 10000 2 0.75 0.8 8
100 10000 2 0.75 0.8 9
100 10000 2 0.75 0.8 10
100 10000 2 0.75 0.8 11
100 10000 2 0.75 0.8 12
100 10000 2 0.75 0.8 13
100 10000 2 0.75 0.8 14
100 10000 2 0.75 0.8 15
100 10000 2 0.75 0.8 16
100 10000 2 0.75 0.8 17
100 10000 2 0.75 0.8 18
100 10000 2 0.75 0.8 19
100 10000 2 0.75 0.8 20
100 10000 2 0.75 0.8 21
100 10000 2 0.75 0.8 22
100 10000 2 0.75 0.8 23
100 10000 2 0.75 0.8 24
100 10000 2 0.75 0.8 25
100 10000 2 0.75 0.8 26
100 10000 2 0.75 0.8 27
100 10000 2 0.75 0.8 28
100 10000 2 0.75 0.8 29
100 10000 2 0.75 0.8 30
100 10000 2 0.75 0.8 31
100 10000 2 0.75 0.8 32
100 10000 2 0.75 0.8 33
100 10000 2 0.75 0.8 34
100 10000 2 0.75 0.8 35
100 10000 2 0.75 0.8 36
100 10000 2 0.75 0.8 37
100 10000 2 0.75 0.8 38
100 10000 2 0.75 0.8 39
100 10000 2 0.75 0.8 40
100 10000 2 0.75 0.8 41
100 10000 2 0.75 0.8 42
100 10000 2 0.75 0.8 43
100 10000 2 0.75 0.8 44
100 10000 2 0.75 0.8 45
100 10000 2 0.75 0.8 46
100 10000 2 0.75 0.8 47
100 10000 2 0.75 0.8 48
100 10000 2 0.75 0.8 49
100 10000 2 0.75 0.8 50
100 10000 2 0.75 0.8 51
100 10000 2 0.75 0.8 52
100 10000 2 0.75 0.8 53
100 10000 2 0.75 0.8 54
100 10000 2 0.75 0.8 55
100 10000 2 0.75 0.8 56
100 10000 2 0.75 0.8 57
100 10000 2 0.75 0.8 58
100 10000 2 0.75 0.8 59
100 10000 2 0.75 0.8 60
100 10000 2 0.75 0.8 61
100 10000 2 0.75 0.8 62
100 10000 2 0.75 0.8 63
100 10000 2 0.75 0.8 64
100 10000 2 0.75 0.8 65
100 10000 2 0.75 0.8 66
100 10000 2 0.75 0.8 67
100 10000 2 0.75 0.8 68
100 10000 2 0.75 0.8 69
100 10000 2 0.75 0.8 70
100 10000 2 0.75 0.8 71
100 10000 2 0.75 0.8 72
100 10000 2 0.75 0.8 73
100 10000 2 0.75 0.8 74
100 10000 2 0.75 0.8 75
100 10000 2 0.75 0.8 76
100 10000 2 0.75 0.8 77
100 10000 2 0.75 0.8 78
100 10000 2 0.75 0.8 79
100 10000 2 0.75 0.8 80
100 10000 2 0.75 0.8 81
100 10000 2 0.75 0.8 82
100 10000 2 0.75 0.8 83
100 10000 2 0.75 0.8 84
100 10000 2 0.75 0.8 85
100 10000 2 0.75 0.8 86
100 10000 2 0.75 0.8 87
100 10000 2 0.75 0.8 88
100 10000 2 0.75 0.8 89
100 10000 2 0.75 0.8 90
100 10000 2 0.75 0.8 91
100 10000 2 0.75 0.8 92
100 10000 2 0.75 0.8 93
100 10000 2 0.75 0.8 94
100 10000 2 0.75 0.8 95
100 10000 2 0.75 0.8 96
100 10000 2 0.75 0.8 97
100 10000 2 0.75 0.8 98
100 10000 2 0.75 0.8 99
100 10000 2 0.75 0.8 100
100 10000 2 0.75 0.8 101
100 10000 2 0.75 0.8 102
100 10000 2 0.75 0.8 103
100 10000 2 0.75 0.8 104
100 10000 2 0.75 0.8 105
100 10000 2 0.75 0.8 106
100 10000 2 0.75 0.8 107
100 10000 2 0.75 0.8 108
100 10000 2 0.75 0.8 109
100 10000 2 0.75 0.8 110
100 10000 2 0.75 0.8 111
100 10000 2 0.75 0.8 112
100 10000 2 0.75 0.8 113
100 10000 2 0.75 0.8 114
100 10000 2 0.75 0.8 115
100 10000 2 0.75 0.8 116
100 10000 2 0.75 0.8 117
100 10000 2 0.75 0.8 118
100 10000 2 0.75 0.8 119
100 10000 2 0.75 0.8 120
100 10000 2 0.75 0.8 121
100 10000 2 0.75 0.8 122
100 10000 2 0.75 0.8 123
100 10000 2 0.75 0.8 124
100 10000 2 0.75 0.8 125
100 10000 2 0.75 0.8 126
100 10000 2 0.75 0.8 127
100 10000 2 0.75 0.8 128
100 10000 2 0.75 0.8 129
100 10000 2 0.75 0.8 130
100 10000 2 0.75 0.8 131
100 10000 2 0.75 0.8 132
100 10000 2 0.75 0.8 133
100 10000 2 0.75 0.8 134
100 10000 2 0.75 0.8 135
100 10000 2 0.75 0.8 136
100 10000 2 0.75 0.8 137
100 10000 2 0.75 0.8 138
100 10000 2 0.75 0.8 139
100 10000 2 0.75 0.8 140
100 10000 2 0.75 0.8 141
100 10000 2 0.75 0.8 142
100 10000 2 0.75 0.8 143
100 10000 2 0.75 0.8 144
100 10000 2 0.75 0.8 145
100 10000 2 0.75 0.8 146
100 10000 2 0.75 0.8 147
100 10000 2 0.75 0.8 148
100 10000 2 0.75 0.8 149
100 10000 2 0.75 0.8 150
100 10000 2 0.75 0.8 151
100 10000 2 0.75 0.8 152
100 10000 2 0.75 0.8 153
100 10000 2 0.75 0.8 154
100 10000 2 0.75 0.8 155
100 10000 2 0.75 0.8 156
100 10000 2 0.75 0.8 157
100 10000 2 0.75 0.8 158
100 10000 2 0.75 0.8 159
100 10000 2 0.75 0.8 160
100 10000 2 0.75 0.8 161
100 10000 2 0.75 0.8 162
100 10000 2 0.75 0.8 163
100 10000 2 0.75 0.8 164
100 10000 2 0.75 0.8 165
100 10000 2 0.75 0.8 166
100 10000 2 0.75 0.8 167
100 10000 2 0.75 0.8 168
100 10000 2 0.75 0.8 169
100 10000 2 0.75 0.8 170
100 10000 2 0.75 0.8 171
100 10000 2 0.75 0.8 172
100 10000 2 0.75 0.8 173
100 10000 2 0.75 0.8 174
100 10000 2 0.75 0.8 175
100 10000 2 0.75 0.8 176
100 10000 2 0.75 0.8 177
100 10000 2 0.75 0.8 178
100 10000 2 0.75 0.8 179
100 10000 2 0.75 0.8 180
100 10000 2 0.75 0.8 181
100 10000 2 0.75 0.8 182
100 10000 2 0.75 0.8 183
100 10000 2 0.75 0.8 184
100 10000 2 0.75 0.8 185
100 10000 2 0.75 0.8 186
100 10000 2 0.75 0.8 187
100 10000 2 0.75 0.8 188
100 10000 2 0.75 0.8 189
100 10000 2 0.75 0.8 190
100 10000 2 0.75 0.8 191
100 10000 2 0.75 0.8 192
100 10000 2 0.75 0.8 193
100 10000 2 0.75 0.8 194
100 10000 2 0.75 0.8 195
100 10000 2 0.75 0.8 196
100 10000 2 0.75 0.8 197
100 10000 2 0.75 0.8 198
100 10000 2 0.75 0.8 199
100 10000 2 0.75 0.8 200
100 10000 2 0.75 0.8 201
100 10000 2 0.75 0.8 202
100 10000 2 0.75 0.8 203
100 10000 2 0.75 0.8 204
100 10000 2 0.75 0.8 205
100 10000 2 0.75 0.8 206
100 10000 2 0.75 0.8 207
100 10000 2 0.75 0.8 208
100 10000 2 0.75 0.8 209
100 10000 2 0.75 0.8 210
100 10000 2 0.75 0.8 211
100 10000 2 0.75 0.8 212
100 10000 2 0.75 0.8 213
100 10000 2 0.75 0.8 214
100 10000 2 0.75 0.8 215
100 10000 2 0.75 0.8 216
100 10000 2 0.75 0.8 217
100 10000 2 0.75 0.8 218
100 10000 2 0.75 0.8 219
100 10000 2 0.75 0.8 220
100 10000 2 0.75 0.8 221
100 10000 2 0.75 0.8 222
100 10000 2 0.75 0.8 223
100 10000 2 0.75 0.8 224
100 10000 2 0.75 0.8 225
100 10000 2 0.75 0.8 226
100 10000 2 0.75 0.8 227
100 10000 2 0.75 0.8 228
100 10000 2 0.75 0.8 229
100 10000 2 0.75 0.8 230
100 10000 2 0.75 0.8 231
100 10000 2 0.75 0.8 232
100 10000 2 0.75 0.8 233
100 10000 2 0.75 0.8 234
100 10000 2 0.75 0.8 235
100 10000 2 0.75 0.8 236
100 10000 2 0.75 0.8 237
100 10000 2 0.75 0.8 238
100 10000 2 0.75 0.8 239
100 10000 2 0.75 0.8 240
100 10000 2 0.75 0.8 241
100 10000 2 0.75 0.8 242
100 10000 2 0.75 0.8 243
100 10000 2 0.75 0.8 244
100 10000 2 0.75 0.8 245
100 10000 2 0.75 0.8 246
100 10000 2 0.75 0.8 247
100 10000 2 0.75 0.8 248
100 10000 2 0.75 0.8 249
100 10000 2 0.75 0.8 250
100 10000 2 0.75 0.8 251
100 10000 2 0.75 0.8 252
100 10000 2 0.75 0.8 253
100 10000 2 0.75 0.8 254
100 10000 2 0.75 0.8 255
100 10000 2 0.75 0.8 256
100 10000 2 0.75 0.8 257
100 10000 2 0.75 0.8 258
100 10000 2 0.75 0.8 259
100 10000 2 0.75 0.8 260
100 10000 2 0.75 0.8 261
100 10000 2 0.75 0.8 262
100 10000 2 0.75 0.8 263
100 10000 2 0.75 0.8 264
100 10000 2 0.75 0.8 265
100 10000 2 0.75 0.8 266
100 10000 2 0.75 0.8 267
100 10000 2 0.75 0.8 268
100 10000 2 0.75 0.8 269
100 10000 2 0.75 0.8 270
100 10000 2 0.75 0.8 271
100 10000 2 0.75 0.8 272
100 10000 2 0.75 0.8 273
100 10000 2 0.75 0.8 274
100 10000 2 0.75 0.8 275
100 10000 2 0.75 0.8 276
100 10000 2 0.75 0.8 277
100 10000 2 0.75 0.8 278
100 10000 2 0.75 0.8 279
100 10000 2 0.75 0.8 280
100 10000 2 0.75 0.8 281
100 10000 2 0.75 0.8 282
100 10000 2 0.75 0.8 283
100 10000 2 0.75 0.8 284
100 10000 2 0.75 0.8 285
100 10000 2 0.75 0.8 286
100 10000 2 0.75 0.8 287
100 10000 2 0.75 0.8 288
100 10000 2 0.75 0.8 289
100 10000 2 0.75 0.8 290
100 10000 2 0.75 0.8 291
100 10000 2 0.75 0.8 292
100 10000 2 0.75 0.8 293
100 10000 2 0.75 0.8 294
100 10000 2 0.75 0.8 295
100 10000 2 0.75 0.8 296
100 10000 2 0.75 0.8 297
100 10000 2 0.75 0.8 298
100 10000 2 0.75 0.8 299
100 10000 2 0.75 0.8 300
100 10000 2 0.75 0.8 301
100 10000 2 0.75 0.8 302
100 10000 2 0.75 0.8 303
100 10000 2 0.75 0.8 304
100 10000 2 0.75 0.8 305
100 10000 2 0.75 0.8 306
100 10000 2 0.75 0.8 307
100 10000 2 0.75 0.8 308
100 10000 2 0.75 0.8 309
100 10000 2 0.75 0.8 310
100 10000 2 0.75 0.8 311
100 10000 2 0.75 0.8 312
100 10000 2 0.75 0.8 313
100 10000 2 0.75 0.8 314
100 10000 2 0.75 0.8 315
100 10000 2 0.75 0.8 316
100 10000 2 0.75 0.8 317
100 10000 2 0.75 0.8 318
100 10000 2 0.75 0.8 319
100 10000 2 0.75 0.8 320
100 10000 2 0.75 0.8 321
100 10000 2 0.75 0.8 322
100 10000 2 0.75 0.8 323
100 10000 2 0.75 0.8 324
100 10000 2 0.75 0.8 325
100 10000 2 0.75 0.8 326
100 10000 2 0.75 0.8 327
100 10000 2 0.75 0.8 328
100 10000 2 0.75 0.8 329
100 10000 2 0.75 0.8 330
100 10000 2 0.75 0.8 331
100 10000 2 0.75 0.8 332
100 10000 2 0.75 0.8 333
100 10000 2 0.75 0.8 334
100 10000 2 0.75 0.8 335
100 10000 2 0.75 0.8 336
100 10000 2 0.75 0.8 337
100 10000 2 0.75 0.8 338
100 10000 2 0.75 0.8 339
100 10000 2 0.75 0.8 340
100 10000 2 0.75 0.8 341
100 10000 2 0.75 0.8 342
100 10000 2 0.75 0.8 343
100 10000 2 0.75 0.8 344
100 10000 2 0.75 0.8 345
100 10000 2 0.75 0.8 346
100 10000 2 0.75 0.8 347
100 10000 2 0.75 0.8 348
100 10000 2 0.75 0.8 349
100 10000 2 0.75 0.8 350
100 10000 2 0.75 0.8 351
100 10000 2 0.75 0.8 352
100 10000 2 0.75 0.8 353
100 10000 2 0.75 0.8 354
100 10000 2 0.75 0.8 355
100 10000 2 0.75 0.8 356
100 10000 2 0.75 0.8 357
100 10000 2 0.75 0.8 358
100 10000 2 0.75 0.8 359
100 10000 2 0.75 0.8 360
100 10000 2 0.75 0.8 361
100 10000 2 0.75 0.8 362
100 10000 2 0.75 0.8 363
100 10000 2 0.75 0.8 364
100 10000 2 0.75 0.8 365
100 10000 2 0.75 0.8 366
100 10000 2 0.75 0.8 367
100 10000 2 0.75 0.8 368
100 10000 2 0.75 0.8 369
100 10000 2 0.75 0.8 370
100 10000 2 0.75 0.8 371
100 10000 2 0.75 0.8 372
100 10000 2 0.75 0.8 373
100 10000 2 0.75 0.8 374
100 10000 2 0.75 0.8 375
100 10000 2 0.75 0.8 376
100 10000 2 0.75 0.8 377
100 10000 2 0.75 0.8 378
100 10000 2 0.75 0.8 379
100 10000 2 0.75 0.8 380
100 10000 2 0.75 0.8 381
100 10000 2 0.75 0.8 382
100 10000 2 0.75 0.8 383
100 10000 2 0.75 0.8 384
100 10000 2 0.75 0.8 385
100 10000 2 0.75 0.8 386
100 10000 2 0.75 0.8 387
100 10000 2 0.75 0.8 388
100 10000 2 0.75 0.8 389
100 10000 2 0.75 0.8 390
100 10000 2 0.75 0.8 391
100 10000 2 0.75 0.8 392
100 10000 2 0.75 0.8 393
100 10000 2 0.75 0.8 394
100 10000 2 0.75 0.8 395
100 10000 2 0.75 0.8 396
100 10000 2 0.75 0.8 397
100 10000 2 0.75 0.8 398
100 10000 2 0.75 0.8 399
100 10000 2 0.75 0.8 400
100 10000 2 0.75 0.8 401
100 10000 2 0.75 0.8 402
100 10000 2 0.75 0.8 403
100 10000 2 0.75 0.8 404
100 10000 2 0.75 0.8 405
100 10000 2 0.75 0.8 406
100 10000 2 0.75 0.8 407
100 10000 2 0.75 0.8 408
100 10000 2 0.75 0.8 409
100 10000 2 0.75 0.8 410
100 10000 2 0.75 0.8 411
100 10000 2 0.75 0.8 412
100 10000 2 0.75 0.8 413
100 10000 2 0.75 0.8 414
100 10000 2 0.75 0.8 415
100 10000 2 0.75 0.8 416
100 10000 2 0.75 0.8 417
100 10000 2 0.75 0.8 418
100 10000 2 0.75 0.8 419
100 10000 2 0.75 0.8 420
100 10000 2 0.75 0.8 421
100 10000 2 0.75 0.8 422
100 10000 2 0.75 0.8 423
100 10000 2 0.75 0.8 424
100 10000 2 0.75 0.8 425
100 10000 2 0.75 0.8 426
100 10000 2 0.75 0.8 427
100 10000 2 0.75 0.8 428
100 10000 2 0.75 0.8 429
100 10000 2 0.75 0.8 430
100 10000 2 0.75 0.8 431
100 10000 2 0.75 0.8 432
100 10000 2 0.75 0.8 433
100 10000 2 0.75 0.8 434
100 10000 2 0.75 0.8 435
100 10000 2 0.75 0.8 436
100 10000 2 0.75 0.8 437
100 10000 2 0.75 0.8 438
100 10000 2 0.75 0.8 439
100 10000 2 0.75 0.8 440
100 10000 2 0.75 0.8 441
100 10000 2 0.75 0.8 442
100 10000 2 0.75 0.8 443
100 10000 2 0.75 0.8 444
100 10000 2 0.75 0.8 445
100 10000 2 0.75 0.8 446
100 10000 2 0.75 0.8 447
100 10000 2 0.75 0.8 448
100 10000 2 0.75 0.8 449
100 10000 2 0.75 0.8 450
100 10000 2 0.75 0.8 451
100 10000 2 0.75 0.8 452
100 10000 2 0.75 0.8 453
100 10000 2 0.75 0.8 454
100 10000 2 0.75 0.8 455
100 10000 2 0.75 0.8 456
100 10000 2 0.75 0.8 457
100 10000 2 0.75 0.8 458
100 10000 2 0.75 0.8 459
100 10000 2 0.75 0.8 460
100 10000 2 0.75 0.8 461
100 10000 2 0.75 0.8 462
100 10000 2 0.75 0.8 463
100 10000 2 0.75 0.8 464
100 10000 2 0.75 0.8 465
100 10000 2 0.75 0.8 466
100 10000 2 0.75 0.8 467
100 10000 2 0.75 0.8 468
100 10000 2 0.75 0.8 469
100 10000 2 0.75 0.8 470
100 10000 2 0.75 0.8 471
100 10000 2 0.75 0.8 472
100 10000 2 0.75 0.8 473
100 10000 2 0.75 0.8 474
100 10000 2 0.75 0.8 475
100 10000 2 0.75 0.8 476
100 10000 2 0.75 0.8 477
100 10000 2 0.75 0.8 478
100 10000 2 0.75 0.8 479
100 10000 2 0.75 0.8 480
100 10000 2 0.75 0.8 481
100 10000 2 0.75 0.8 482
100 10000 2 0.75 0.8 483
100 10000 2 0.75 0.8 484
100 10000 2 0.75 0.8 485
100 10000 2 0.75 0.8 486
100 10000 2 0.75 0.8 487
100 10000 2 0.75 0.8 488
100 10000 2 0.75 0.8 489
100 10000 2 0.75 0.8 490
100 10000 2 0.75 0.8 491
100 10000 2 0.75 0.8 492
100 10000 2 0.75 0.8 493
100 10000 2 0.75 0.8 494
100 10000 2 0.75 0.8 495
100 10000 2 0.75 0.8 496
100 10000 2 0.75 0.8 497
100 10000 2 0.75 0.8 498
100 10000 2 0.75 0.8 499
100 10000 2 0.75 0.8 500
